transaction_date,transaction_id,customer_id,customer_fname,cusomter_lname,cusomter_email,sales_agent_id,branch_id,product_id,product_name,product_category,offer_1,offer_2,offer_3,offer_4,offer_5,units,unit_price,is_online,payment_method,shipping_address,name,hire_date,location,establish_date,class,group
2023-10-18,trx-237976222990,85517,Mia,Jones,mia.jones@outlook.com/,6.0,1.0,10,Sandals,Footwear,,,,,True,1,39.99,no,Cash,,Emma Taylor,2018-8-9,New York,2017-01-15,A,5
2022-5-8,trx-891084445200,85497,Michael,Williams,michael.williams@yahoo.com^,9.0,2.0,27,Iron,Appliances,,,True,,,1,29.99,no,Credit Card,,Daniel Martinez,2019-7-19,Los Angeles,2016-07-28,B,5
2022-11-20,trx-911377237189,85485,James,Johnson,james.johnson@hotmail.com%x,6.0,5.0,9,Boots,Footwear,,,,,,8,129.99,no,Cash,,Emma Taylor,2018-8-9,Phoenix,2017-09-20,C,5
2023-5-18,trx-121263458494,85468,William,Moore,william.moore@outlook.com)x,9.0,6.0,1,Laptop,Electronics,True,,,,,4,999.99,no,Credit Card,,Daniel Martinez,2019-7-19,Oklahoma,2016-09-20,A,5
2022-2-7,trx-617255070261,85535,Olivia,Johnson,olivia.johnson@yahoo.com',4.0,4.0,30,Electric Kettle,Appliances,,,,,,3,24.99,no,Cash,,Emily Brown,2018-11-12,Houston,2016-11-05,D,5
2022-2-4,trx-110203063855,85545,William,Taylor,william.taylor@hotmail.com]x,5.0,2.0,9,Boots,Footwear,,,,,,7,129.99,no,Cash,,David Wilson,2020-6-23,Los Angeles,2016-07-28,B,5
2022-9-8,trx-013322439991,85552,John,Wilson,john.wilson@yahoo.com/,8.0,5.0,29,Hair Straightener,Appliances,True,,,,,4,39.99,no,Credit Card,,Olivia Davis,2019-12-8,Phoenix,2017-09-20,C,5
2022-11-2,trx-443629484380,85515,James,Miller,james.miller@gmail.com(,6.0,5.0,28,Hair Dryer,Appliances,,True,,,,5,19.99,no,Credit Card,,Emma Taylor,2018-8-9,Phoenix,2017-09-20,C,5
2023-10-12,trx-922479550468,85494,Sophia,Moore,sophia.moore@gmail.com(,11.0,2.0,7,Dress,Clothing,,,True,,,5,59.99,no,Credit Card,,john wick,2018-7-10,Los Angeles,2016-07-28,B,5
2022-11-5,trx-954632465852,85552,John,Wilson,john.wilson@yahoo.com{,2.0,2.0,24,Blender,Appliances,,,,,,3,49.99,no,Credit Card,,Jane Smith,2021-6-8,Los Angeles,2016-07-28,B,5
2023-12-28,trx-759789154144,85467,Sophia,Wilson,sophia.wilson@yahoo.com:,2.0,6.0,1,Laptop,Electronics,,,,,,4,999.99,no,Cash,,Jane Smith,2021-6-8,Oklahoma,2016-09-20,A,5
2023-12-7,trx-022416154142,85480,Emma,Jones,emma.jones@hotmail.com$u,6.0,1.0,15,Hoodie,Clothing,True,,,,,5,29.99,no,Credit Card,,Emma Taylor,2018-8-9,New York,2017-01-15,A,5
2023-11-4,trx-868990956760,85482,Emma,Moore,emma.moore@gmail.comm,4.0,5.0,7,Dress,Clothing,,,,,True,8,59.99,no,Cash,,Emily Brown,2018-11-12,Phoenix,2017-09-20,C,5
2023-12-1,trx-562802863935,85555,James,Smith,james.smith@yahoo.com|,5.0,1.0,24,Blender,Appliances,,,,True,,7,49.99,no,Cash,,David Wilson,2020-6-23,New York,2017-01-15,A,5
2022-3-12,trx-804928176409,85516,Mia,Miller,mia.miller@hotmail.com&,11.0,3.0,9,Boots,Footwear,,,,,,10,129.99,no,Cash,,john wick,2018-7-10,Chicago,2015-03-10,A,5
2023-4-12,trx-805987890738,85478,John,Johnson,john.johnson@hotmail.com[,7.0,6.0,28,Hair Dryer,Appliances,True,,,,,7,19.99,no,Credit Card,,Christopher Miller,2018-7-5,Oklahoma,2016-09-20,A,5
2022-7-28,trx-142590798830,85469,James,Smith,james.smith@hotmail.com\,4.0,6.0,17,Blouse,Clothing,,True,,,,10,29.99,no,Credit Card,,Emily Brown,2018-11-12,Oklahoma,2016-09-20,A,5
2023-8-19,trx-299887764878,85482,Emma,Moore,emma.moore@gmail.com;,7.0,6.0,5,T-Shirt,Clothing,,,,,,5,19.99,no,Cash,,Christopher Miller,2018-7-5,Oklahoma,2016-09-20,A,5
2022-3-19,trx-521009740073,85558,Emma,Moore,emma.moore@hotmail.com}4,3.0,1.0,7,Dress,Clothing,,True,,,,7,59.99,no,Credit Card,,Michael Johnson,2019-7-22,New York,2017-01-15,A,5
2022-2-10,trx-417687722478,85473,Alexander,Moore,alexander.moore@gmail.com(,3.0,1.0,27,Iron,Appliances,,,,,,10,29.99,no,Credit Card,,Michael Johnson,2019-7-22,New York,2017-01-15,A,5
2022-4-13,trx-466215731984,85549,John,Williams,john.williams@hotmail.com)x,1.0,4.0,17,Blouse,Clothing,,,,,,3,29.99,no,Cash,,John Doe,2020-6-10,Houston,2016-11-05,D,5
2022-2-7,trx-167617439985,85462,James,Wilson,james.wilson@outlook.com)x,8.0,5.0,27,Iron,Appliances,,,,,,1,29.99,no,Cash,,Olivia Davis,2019-12-8,Phoenix,2017-09-20,C,5
2023-6-11,trx-234867959482,85493,James,Jones,james.jones@gmail.com%x,8.0,5.0,30,Electric Kettle,Appliances,,,,,,4,24.99,no,Cash,,Olivia Davis,2019-12-8,Phoenix,2017-09-20,C,5
2023-10-9,trx-111938940200,85506,Sophia,Wilson,sophia.wilson@hotmail.com)x,8.0,1.0,18,Boots,Footwear,,True,,,,4,149.99,no,Cash,,Olivia Davis,2019-12-8,New York,2017-01-15,A,5
2022-8-12,trx-196759399410,85514,Ava,Davis,ava.davis@hotmail.com]x,7.0,1.0,28,Hair Dryer,Appliances,,,True,,,7,19.99,no,Credit Card,,Christopher Miller,2018-7-5,New York,2017-01-15,A,5
2023-3-9,trx-836399281984,85478,John,Johnson,"john.johnson@hotmail.com""",6.0,5.0,9,Boots,Footwear,,,,,,10,129.99,no,Cash,,Emma Taylor,2018-8-9,Phoenix,2017-09-20,C,5
2022-7-11,trx-714274175296,85516,Mia,Miller,mia.miller@hotmail.com',9.0,2.0,28,Hair Dryer,Appliances,True,,,,,8,19.99,no,Cash,,Daniel Martinez,2019-7-19,Los Angeles,2016-07-28,B,5
2023-7-8,trx-001429559262,85516,Mia,Miller,mia.miller@hotmail.com[,4.0,2.0,28,Hair Dryer,Appliances,,,,,,5,19.99,no,Credit Card,,Emily Brown,2018-11-12,Los Angeles,2016-07-28,B,5
2022-10-26,trx-099922855402,85544,Ava,Johnson,ava.johnson@gmail.com|,4.0,5.0,17,Blouse,Clothing,,,True,,,4,29.99,no,Credit Card,,Emily Brown,2018-11-12,Phoenix,2017-09-20,C,5
2023-5-3,trx-358670425389,85492,Michael,Miller,michael.miller@gmail.com<,8.0,4.0,9,Boots,Footwear,,,,,,9,129.99,no,Cash,,Olivia Davis,2019-12-8,Houston,2016-11-05,D,5
2022-1-4,trx-622378816995,85484,James,Taylor,james.taylor@yahoo.com;,3.0,2.0,10,Sandals,Footwear,,,True,,,4,39.99,no,Cash,,Michael Johnson,2019-7-22,Los Angeles,2016-07-28,B,5
2023-8-24,trx-753457282159,85539,Sophia,Miller,sophia.miller@gmail.com\,5.0,2.0,20,Heels,Footwear,,,True,,,6,59.99,no,Cash,,David Wilson,2020-6-23,Los Angeles,2016-07-28,B,5
2022-5-16,trx-569392630412,85505,Sophia,Taylor,sophia.taylor@yahoo.com[,7.0,3.0,28,Hair Dryer,Appliances,,,,,,1,19.99,no,Credit Card,,Christopher Miller,2018-7-5,Chicago,2015-03-10,A,5
2023-5-8,trx-918775755519,85468,William,Moore,william.moore@outlook.com}4,7.0,6.0,27,Iron,Appliances,,,,,True,5,29.99,no,Credit Card,,Christopher Miller,2018-7-5,Oklahoma,2016-09-20,A,5
2023-2-3,trx-716561286359,85530,Olivia,Moore,olivia.moore@yahoo.com{,5.0,3.0,11,TV,Electronics,,True,,,,6,899.99,no,Cash,,David Wilson,2020-6-23,Chicago,2015-03-10,A,5
2023-11-13,trx-914845117712,85470,Sophia,Smith,sophia.smith@yahoo.com}4,3.0,5.0,22,Coffee Maker,Appliances,,,,,,8,79.99,no,Cash,,Michael Johnson,2019-7-22,Phoenix,2017-09-20,C,5
2022-4-19,trx-202521299781,85547,Emma,Miller,emma.miller@gmail.com|,10.0,6.0,2,Smartphone,Electronics,,,,,True,7,699.99,no,Cash,,Sophia Moore,2019-11-10,Oklahoma,2016-09-20,A,5
2022-6-11,trx-391243795287,85467,Sophia,Wilson,sophia.wilson@yahoo.com)x,6.0,1.0,7,Dress,Clothing,,,,,,3,59.99,no,Cash,,Emma Taylor,2018-8-9,New York,2017-01-15,A,5
2023-8-5,trx-509796803186,85524,Alexander,Jones,alexander.jones@outlook.com$u,3.0,2.0,24,Blender,Appliances,,,,,True,1,49.99,no,Cash,,Michael Johnson,2019-7-22,Los Angeles,2016-07-28,B,5
2022-11-16,trx-422256252503,85480,Emma,Jones,emma.jones@hotmail.com/,11.0,1.0,12,Monitor,Electronics,,,,True,,3,299.99,no,Cash,,john wick,2018-7-10,New York,2017-01-15,A,5
2023-8-7,trx-612184212533,85524,Alexander,Jones,alexander.jones@outlook.com}4,9.0,3.0,10,Sandals,Footwear,,,,,True,4,39.99,no,Cash,,Daniel Martinez,2019-7-19,Chicago,2015-03-10,A,5
2022-8-4,trx-747583738099,85480,Emma,Jones,emma.jones@hotmail.com ,6.0,4.0,3,Tablet,Electronics,,,,,,6,299.99,no,Credit Card,,Emma Taylor,2018-8-9,Houston,2016-11-05,D,5
2023-10-6,trx-298332695502,85503,Alexander,Miller,alexander.miller@outlook.com>,5.0,4.0,6,Jeans,Clothing,True,,,,,10,49.99,no,Credit Card,,David Wilson,2020-6-23,Houston,2016-11-05,D,5
2022-11-1,trx-023344573508,85475,Alexander,Moore,alexander.moore@gmail.com*,3.0,6.0,21,Microwave,Appliances,,,,,,9,129.99,no,Cash,,Michael Johnson,2019-7-22,Oklahoma,2016-09-20,A,5
2023-4-5,trx-069803214165,85514,Ava,Davis,ava.davis@hotmail.com:,11.0,2.0,27,Iron,Appliances,,,,True,,3,29.99,no,Cash,,john wick,2018-7-10,Los Angeles,2016-07-28,B,5
2023-1-8,trx-099775626696,85525,Emma,Wilson,emma.wilson@yahoo.com&,5.0,3.0,23,Toaster,Appliances,,,,,True,7,39.99,no,Credit Card,,David Wilson,2020-6-23,Chicago,2015-03-10,A,5
2022-12-8,trx-546197411959,85530,Olivia,Moore,olivia.moore@yahoo.com;,1.0,5.0,3,Tablet,Electronics,,True,,,,10,299.99,no,Credit Card,,John Doe,2020-6-10,Phoenix,2017-09-20,C,5
2022-9-5,trx-695914000938,85547,Emma,Miller,emma.miller@gmail.com[,6.0,1.0,29,Hair Straightener,Appliances,,True,,,,6,39.99,no,Cash,,Emma Taylor,2018-8-9,New York,2017-01-15,A,5
2023-12-23,trx-421482268966,85495,Michael,Johnson,michael.johnson@gmail.com(,4.0,6.0,21,Microwave,Appliances,,,,,,1,129.99,no,Credit Card,,Emily Brown,2018-11-12,Oklahoma,2016-09-20,A,5
2023-10-23,trx-645425563789,85494,Sophia,Moore,"sophia.moore@gmail.com""",1.0,2.0,10,Sandals,Footwear,,True,,,,7,39.99,no,Cash,,John Doe,2020-6-10,Los Angeles,2016-07-28,B,5
2022-7-16,trx-707192066332,85524,Alexander,Jones,alexander.jones@outlook.com|,7.0,1.0,19,Sandals,Footwear,,,,,,9,29.99,no,Credit Card,,Christopher Miller,2018-7-5,New York,2017-01-15,A,5
2022-5-19,trx-313507561026,85500,John,Davis,john.davis@yahoo.com ,5.0,5.0,9,Boots,Footwear,,,,True,,6,129.99,no,Cash,,David Wilson,2020-6-23,Phoenix,2017-09-20,C,5
2023-4-28,trx-855020430950,85540,Sophia,Jones,sophia.jones@hotmail.com{,9.0,4.0,14,Camera,Electronics,,,,,,5,399.99,no,Credit Card,,Daniel Martinez,2019-7-19,Houston,2016-11-05,D,5
2022-6-8,trx-083076750703,85522,Emma,Jones,emma.jones@hotmail.com/,4.0,5.0,6,Jeans,Clothing,,,,,True,5,49.99,no,Cash,,Emily Brown,2018-11-12,Phoenix,2017-09-20,C,5
2022-6-21,trx-726030119478,85479,Sophia,Davis,sophia.davis@hotmail.com#4r,8.0,2.0,5,T-Shirt,Clothing,,,True,,,6,19.99,no,Credit Card,,Olivia Davis,2019-12-8,Los Angeles,2016-07-28,B,5
2023-9-12,trx-728151886723,85483,Emma,Miller,emma.miller@hotmail.com{,6.0,6.0,18,Boots,Footwear,,,,,,5,149.99,no,Cash,,Emma Taylor,2018-8-9,Oklahoma,2016-09-20,A,5
2022-8-21,trx-222941190512,85561,Olivia,Moore,olivia.moore@hotmail.com\,1.0,5.0,21,Microwave,Appliances,,,,,,5,129.99,no,Cash,,John Doe,2020-6-10,Phoenix,2017-09-20,C,5
2022-3-27,trx-495971645479,85464,Emma,Williams,emma.williams@hotmail.com}4,4.0,6.0,20,Heels,Footwear,,,,,,5,59.99,no,Credit Card,,Emily Brown,2018-11-12,Oklahoma,2016-09-20,A,5
2022-11-13,trx-229137573707,85559,Olivia,Moore,olivia.moore@gmail.com&,6.0,3.0,19,Sandals,Footwear,,,,,,1,29.99,no,Cash,,Emma Taylor,2018-8-9,Chicago,2015-03-10,A,5
2023-2-17,trx-695075490340,85492,Michael,Miller,michael.miller@gmail.com ,3.0,2.0,30,Electric Kettle,Appliances,,,True,,,7,24.99,no,Credit Card,,Michael Johnson,2019-7-22,Los Angeles,2016-07-28,B,5
2022-7-23,trx-923640602364,85501,Emma,Taylor,emma.taylor@gmail.com^,5.0,4.0,1,Laptop,Electronics,,,,,,10,999.99,no,Cash,,David Wilson,2020-6-23,Houston,2016-11-05,D,5
2023-4-17,trx-121718816151,85493,James,Jones,james.jones@gmail.com%x,4.0,4.0,5,T-Shirt,Clothing,,True,,,,6,19.99,no,Cash,,Emily Brown,2018-11-12,Houston,2016-11-05,D,5
2023-7-22,trx-487760773996,85524,Alexander,Jones,alexander.jones@outlook.com%x,2.0,6.0,24,Blender,Appliances,,,True,,,8,49.99,no,Cash,,Jane Smith,2021-6-8,Oklahoma,2016-09-20,A,5
2023-2-26,trx-967188055525,85526,Olivia,Moore,olivia.moore@hotmail.com(,10.0,5.0,29,Hair Straightener,Appliances,,,,,,5,39.99,no,Cash,,Sophia Moore,2019-11-10,Phoenix,2017-09-20,C,5
2022-11-11,trx-602429353436,85500,John,Davis,john.davis@yahoo.com]x,5.0,6.0,16,Skirt,Clothing,,,,True,,5,39.99,no,Credit Card,,David Wilson,2020-6-23,Oklahoma,2016-09-20,A,5
2022-8-24,trx-306660024276,85532,James,Wilson,james.wilson@outlook.com]x,5.0,5.0,17,Blouse,Clothing,,,True,,,9,29.99,no,Credit Card,,David Wilson,2020-6-23,Phoenix,2017-09-20,C,5
2022-11-4,trx-389110277627,85529,James,Wilson,james.wilson@hotmail.com',6.0,5.0,8,Sneakers,Footwear,,,,,,2,79.99,no,Cash,,Emma Taylor,2018-8-9,Phoenix,2017-09-20,C,5
2022-12-13,trx-332989455779,85552,John,Wilson,john.wilson@yahoo.com/,2.0,6.0,1,Laptop,Electronics,,,True,,,2,999.99,no,Cash,,Jane Smith,2021-6-8,Oklahoma,2016-09-20,A,5
2022-11-20,trx-472696848715,85510,Mia,Davis,mia.davis@hotmail.com<,11.0,6.0,10,Sandals,Footwear,,,,,,1,39.99,no,Cash,,john wick,2018-7-10,Oklahoma,2016-09-20,A,5
2022-1-11,trx-873886396949,85480,Emma,Jones,emma.jones@hotmail.com^,6.0,4.0,17,Blouse,Clothing,,,True,,,6,29.99,no,Credit Card,,Emma Taylor,2018-8-9,Houston,2016-11-05,D,5
2022-8-19,trx-580201544609,85474,Sophia,Davis,sophia.davis@gmail.com$u,5.0,5.0,21,Microwave,Appliances,True,,,,,10,129.99,no,Cash,,David Wilson,2020-6-23,Phoenix,2017-09-20,C,5
2023-2-16,trx-061530193303,85484,James,Taylor,james.taylor@yahoo.com:,8.0,5.0,5,T-Shirt,Clothing,,,,,,6,19.99,no,Cash,,Olivia Davis,2019-12-8,Phoenix,2017-09-20,C,5
2022-3-18,trx-694634699580,85492,Michael,Miller,michael.miller@gmail.com*,1.0,1.0,13,Printer,Electronics,True,,,,,9,149.99,no,Credit Card,,John Doe,2020-6-10,New York,2017-01-15,A,5
2023-2-28,trx-708234963184,85525,Emma,Wilson,emma.wilson@yahoo.com ,9.0,3.0,17,Blouse,Clothing,,,,,,8,29.99,no,Cash,,Daniel Martinez,2019-7-19,Chicago,2015-03-10,A,5
2023-4-12,trx-195126570779,85543,James,Williams,james.williams@gmail.com',8.0,5.0,25,Washing Machine,Appliances,,,,,,8,499.99,no,Credit Card,,Olivia Davis,2019-12-8,Phoenix,2017-09-20,C,5
2023-9-2,trx-852653299763,85554,Ava,Wilson,ava.wilson@outlook.com>,5.0,3.0,9,Boots,Footwear,,True,,,,6,129.99,no,Cash,,David Wilson,2020-6-23,Chicago,2015-03-10,A,5
2022-1-20,trx-043676326667,85535,Olivia,Johnson,olivia.johnson@yahoo.com[,1.0,3.0,24,Blender,Appliances,,,,,,10,49.99,no,Credit Card,,John Doe,2020-6-10,Chicago,2015-03-10,A,5
2023-2-5,trx-407250753990,85526,Olivia,Moore,olivia.moore@hotmail.com{,5.0,1.0,18,Boots,Footwear,,,,,,4,149.99,no,Cash,,David Wilson,2020-6-23,New York,2017-01-15,A,5
2023-2-7,trx-897288168793,85504,Sophia,Wilson,sophia.wilson@hotmail.com[,11.0,5.0,17,Blouse,Clothing,,,,,,5,29.99,no,Credit Card,,john wick,2018-7-10,Phoenix,2017-09-20,C,5
2023-7-8,trx-897313300311,85507,Olivia,Smith,olivia.smith@hotmail.com)x,1.0,2.0,3,Tablet,Electronics,True,,,,,4,299.99,no,Cash,,John Doe,2020-6-10,Los Angeles,2016-07-28,B,5
2023-1-20,trx-056688617298,85518,Alexander,Davis,alexander.davis@yahoo.com&,2.0,4.0,9,Boots,Footwear,,,,True,,10,129.99,no,Credit Card,,Jane Smith,2021-6-8,Houston,2016-11-05,D,5
2022-1-26,trx-440528534075,85497,Michael,Williams,michael.williams@yahoo.com',9.0,6.0,17,Blouse,Clothing,True,,,,,5,29.99,no,Cash,,Daniel Martinez,2019-7-19,Oklahoma,2016-09-20,A,5
2023-6-3,trx-473240857186,85499,Olivia,Wilson,olivia.wilson@gmail.com#4r,7.0,1.0,30,Electric Kettle,Appliances,,,,,,5,24.99,no,Credit Card,,Christopher Miller,2018-7-5,New York,2017-01-15,A,5
2023-1-21,trx-414454831775,85507,Olivia,Smith,olivia.smith@hotmail.com\,4.0,4.0,3,Tablet,Electronics,True,,,,,4,299.99,no,Cash,,Emily Brown,2018-11-12,Houston,2016-11-05,D,5
2022-8-17,trx-355105575161,85561,Olivia,Moore,olivia.moore@hotmail.com}4,8.0,5.0,9,Boots,Footwear,,,,,True,9,129.99,no,Cash,,Olivia Davis,2019-12-8,Phoenix,2017-09-20,C,5
2023-5-9,trx-689280126477,85555,James,Smith,james.smith@yahoo.com',6.0,4.0,13,Printer,Electronics,,True,,,,3,149.99,no,Cash,,Emma Taylor,2018-8-9,Houston,2016-11-05,D,5
2022-3-1,trx-404476007503,85562,John,Davis,john.davis@gmail.com;,6.0,3.0,29,Hair Straightener,Appliances,True,,,,,4,39.99,no,Cash,,Emma Taylor,2018-8-9,Chicago,2015-03-10,A,5
2023-4-6,trx-814427501191,85532,James,Wilson,james.wilson@outlook.com&,10.0,6.0,1,Laptop,Electronics,,,,True,,7,999.99,no,Cash,,Sophia Moore,2019-11-10,Oklahoma,2016-09-20,A,5
2022-8-3,trx-436086706764,85528,John,Taylor,john.taylor@hotmail.com\,2.0,6.0,19,Sandals,Footwear,,,,,,5,29.99,no,Cash,,Jane Smith,2021-6-8,Oklahoma,2016-09-20,A,5
2023-10-28,trx-456173220257,85487,Emma,Davis,emma.davis@hotmail.com;,9.0,1.0,17,Blouse,Clothing,,,,,,9,29.99,no,Credit Card,,Daniel Martinez,2019-7-19,New York,2017-01-15,A,5
2022-9-11,trx-534622292849,85538,Emma,Davis,emma.davis@gmail.com#4r,8.0,1.0,27,Iron,Appliances,,,,,,6,29.99,no,Cash,,Olivia Davis,2019-12-8,New York,2017-01-15,A,5
2023-4-7,trx-652234062497,85494,Sophia,Moore,sophia.moore@gmail.com/,6.0,5.0,17,Blouse,Clothing,,,,,,5,29.99,no,Credit Card,,Emma Taylor,2018-8-9,Phoenix,2017-09-20,C,5
2022-12-7,trx-375041584309,85482,Emma,Moore,emma.moore@gmail.com|,10.0,6.0,22,Coffee Maker,Appliances,,True,,,,5,79.99,no,Cash,,Sophia Moore,2019-11-10,Oklahoma,2016-09-20,A,5
2022-3-2,trx-536624465259,85554,Ava,Wilson,ava.wilson@outlook.com[,8.0,6.0,28,Hair Dryer,Appliances,True,,,,,7,19.99,no,Cash,,Olivia Davis,2019-12-8,Oklahoma,2016-09-20,A,5
2023-7-2,trx-030041987612,85477,John,Jones,john.jones@gmail.com{,1.0,6.0,19,Sandals,Footwear,,,,,,10,29.99,no,Cash,,John Doe,2020-6-10,Oklahoma,2016-09-20,A,5
2022-3-15,trx-532241403702,85547,Emma,Miller,emma.miller@gmail.com;,1.0,1.0,5,T-Shirt,Clothing,,,,,True,3,19.99,no,Cash,,John Doe,2020-6-10,New York,2017-01-15,A,5
2022-2-6,trx-299466146686,85542,Alexander,Smith,alexander.smith@yahoo.com ,7.0,6.0,10,Sandals,Footwear,,,,True,,5,39.99,no,Credit Card,,Christopher Miller,2018-7-5,Oklahoma,2016-09-20,A,5
2022-12-1,trx-408828628318,85488,Mia,Williams,mia.williams@hotmail.com\,7.0,5.0,22,Coffee Maker,Appliances,,,,,True,1,79.99,no,Cash,,Christopher Miller,2018-7-5,Phoenix,2017-09-20,C,5
2023-7-20,trx-394375104657,85493,James,Jones,james.jones@gmail.com(,4.0,1.0,29,Hair Straightener,Appliances,,,True,,,1,39.99,no,Cash,,Emily Brown,2018-11-12,New York,2017-01-15,A,5
2023-2-10,trx-468735739554,85536,Michael,Davis,michael.davis@gmail.com|,2.0,3.0,22,Coffee Maker,Appliances,,,,,,8,79.99,no,Cash,,Jane Smith,2021-6-8,Chicago,2015-03-10,A,5
2023-11-2,trx-186979220883,85542,Alexander,Smith,alexander.smith@yahoo.com:,11.0,2.0,17,Blouse,Clothing,,,,,,5,29.99,no,Cash,,john wick,2018-7-10,Los Angeles,2016-07-28,B,5
2023-11-12,trx-919117195783,85536,Michael,Davis,"michael.davis@gmail.com""",6.0,5.0,13,Printer,Electronics,,,,,,9,149.99,no,Credit Card,,Emma Taylor,2018-8-9,Phoenix,2017-09-20,C,5
2022-6-13,trx-796262196106,85466,James,Williams,james.williams@yahoo.com[,7.0,3.0,6,Jeans,Clothing,,,,True,,9,49.99,no,Cash,,Christopher Miller,2018-7-5,Chicago,2015-03-10,A,5
2023-2-28,trx-682762145253,85562,John,Davis,john.davis@gmail.com%x,9.0,1.0,11,TV,Electronics,,,,,,2,899.99,no,Credit Card,,Daniel Martinez,2019-7-19,New York,2017-01-15,A,5
2023-2-23,trx-415619808544,85560,Emma,Johnson,emma.johnson@outlook.com*,5.0,6.0,6,Jeans,Clothing,,,,,,10,49.99,no,Cash,,David Wilson,2020-6-23,Oklahoma,2016-09-20,A,5
2023-8-20,trx-120869943437,85544,Ava,Johnson,ava.johnson@gmail.com*,6.0,4.0,10,Sandals,Footwear,,,,,,10,39.99,no,Credit Card,,Emma Taylor,2018-8-9,Houston,2016-11-05,D,5
2023-8-24,trx-177667720316,85500,John,Davis,john.davis@yahoo.com\,3.0,1.0,26,Vacuum Cleaner,Appliances,,,True,,,2,199.99,no,Credit Card,,Michael Johnson,2019-7-22,New York,2017-01-15,A,5
2022-10-19,trx-628524622911,85509,Ava,Taylor,ava.taylor@hotmail.com ,9.0,3.0,8,Sneakers,Footwear,,,True,,,4,79.99,no,Cash,,Daniel Martinez,2019-7-19,Chicago,2015-03-10,A,5
2022-4-2,trx-547226963013,85480,Emma,Jones,emma.jones@hotmail.com[,10.0,3.0,24,Blender,Appliances,,True,,,,4,49.99,no,Credit Card,,Sophia Moore,2019-11-10,Chicago,2015-03-10,A,5
2022-1-19,trx-087476092265,85560,Emma,Johnson,emma.johnson@outlook.com>,7.0,3.0,28,Hair Dryer,Appliances,True,,,,,3,19.99,no,Credit Card,,Christopher Miller,2018-7-5,Chicago,2015-03-10,A,5
2022-6-14,trx-456226494169,85513,James,Williams,james.williams@hotmail.com^,2.0,6.0,12,Monitor,Electronics,,,,,,2,299.99,no,Credit Card,,Jane Smith,2021-6-8,Oklahoma,2016-09-20,A,5
2023-3-6,trx-576978894017,85485,James,Johnson,james.johnson@hotmail.com#4r,5.0,3.0,23,Toaster,Appliances,,,,,,2,39.99,no,Cash,,David Wilson,2020-6-23,Chicago,2015-03-10,A,5
2022-5-24,trx-468444177664,85560,Emma,Johnson,emma.johnson@outlook.com$u,3.0,6.0,18,Boots,Footwear,,,,True,,8,149.99,no,Credit Card,,Michael Johnson,2019-7-22,Oklahoma,2016-09-20,A,5
2023-5-7,trx-535594077208,85523,Sophia,Smith,sophia.smith@hotmail.com&,4.0,2.0,18,Boots,Footwear,True,,,,,1,149.99,no,Cash,,Emily Brown,2018-11-12,Los Angeles,2016-07-28,B,5
2022-9-3,trx-193497924423,85550,Michael,Davis,michael.davis@yahoo.com&,11.0,2.0,4,Headphones,Electronics,,,True,,,10,99.99,no,Cash,,john wick,2018-7-10,Los Angeles,2016-07-28,B,5
2023-2-14,trx-164228748822,85493,James,Jones,james.jones@gmail.com*,2.0,6.0,5,T-Shirt,Clothing,,,,,,1,19.99,no,Cash,,Jane Smith,2021-6-8,Oklahoma,2016-09-20,A,5
2022-12-8,trx-154552085883,85476,Alexander,Taylor,alexander.taylor@yahoo.com$u,2.0,2.0,17,Blouse,Clothing,,True,,,,9,29.99,no,Credit Card,,Jane Smith,2021-6-8,Los Angeles,2016-07-28,B,5
2023-12-17,trx-767064308024,85560,Emma,Johnson,emma.johnson@outlook.com(,2.0,4.0,28,Hair Dryer,Appliances,,,,True,,4,19.99,no,Credit Card,,Jane Smith,2021-6-8,Houston,2016-11-05,D,5
2022-5-15,trx-769039643989,85507,Olivia,Smith,olivia.smith@hotmail.com[,10.0,4.0,9,Boots,Footwear,,,,True,,9,129.99,no,Credit Card,,Sophia Moore,2019-11-10,Houston,2016-11-05,D,5
2022-4-21,trx-779476721478,85467,Sophia,Wilson,sophia.wilson@yahoo.com}4,1.0,6.0,25,Washing Machine,Appliances,,,True,,,2,499.99,no,Credit Card,,John Doe,2020-6-10,Oklahoma,2016-09-20,A,5
2023-6-15,trx-323340514441,85485,James,Johnson,james.johnson@hotmail.com)x,10.0,5.0,10,Sandals,Footwear,,,,,,6,39.99,no,Cash,,Sophia Moore,2019-11-10,Phoenix,2017-09-20,C,5
2022-9-11,trx-428015182405,85483,Emma,Miller,emma.miller@hotmail.com:,7.0,2.0,10,Sandals,Footwear,True,,,,,3,39.99,no,Credit Card,,Christopher Miller,2018-7-5,Los Angeles,2016-07-28,B,5
2023-11-7,trx-504112378901,85531,Sophia,Taylor,sophia.taylor@hotmail.com*,3.0,5.0,19,Sandals,Footwear,True,,,,,6,29.99,no,Credit Card,,Michael Johnson,2019-7-22,Phoenix,2017-09-20,C,5
2023-11-1,trx-455175441591,85539,Sophia,Miller,sophia.miller@gmail.com)x,7.0,6.0,26,Vacuum Cleaner,Appliances,,,True,,,5,199.99,no,Credit Card,,Christopher Miller,2018-7-5,Oklahoma,2016-09-20,A,5
2023-7-19,trx-776929898373,85521,Olivia,Wilson,olivia.wilson@gmail.com|,4.0,6.0,19,Sandals,Footwear,,,,,,1,29.99,no,Cash,,Emily Brown,2018-11-12,Oklahoma,2016-09-20,A,5
2022-2-22,trx-418879368700,85480,Emma,Jones,emma.jones@hotmail.com]x,11.0,3.0,14,Camera,Electronics,,,,,,7,399.99,no,Credit Card,,john wick,2018-7-10,Chicago,2015-03-10,A,5
2022-6-16,trx-903271358951,85524,Alexander,Jones,alexander.jones@outlook.com(,4.0,5.0,26,Vacuum Cleaner,Appliances,,,,True,,10,199.99,no,Credit Card,,Emily Brown,2018-11-12,Phoenix,2017-09-20,C,5
2022-7-3,trx-934221904440,85499,Olivia,Wilson,olivia.wilson@gmail.com:,1.0,6.0,24,Blender,Appliances,,,,,True,6,49.99,no,Credit Card,,John Doe,2020-6-10,Oklahoma,2016-09-20,A,5
2022-4-16,trx-414752941501,85554,Ava,Wilson,ava.wilson@outlook.com^,2.0,2.0,5,T-Shirt,Clothing,,,,,,1,19.99,no,Cash,,Jane Smith,2021-6-8,Los Angeles,2016-07-28,B,5
2023-12-4,trx-336507895258,85526,Olivia,Moore,olivia.moore@hotmail.comm,10.0,4.0,7,Dress,Clothing,,,,,,6,59.99,no,Credit Card,,Sophia Moore,2019-11-10,Houston,2016-11-05,D,5
2022-5-24,trx-891021379762,85528,John,Taylor,john.taylor@hotmail.com$u,2.0,2.0,27,Iron,Appliances,True,,,,,5,29.99,no,Credit Card,,Jane Smith,2021-6-8,Los Angeles,2016-07-28,B,5
2022-7-25,trx-249384457009,85519,Emma,Wilson,emma.wilson@hotmail.com<,1.0,3.0,20,Heels,Footwear,,,,,,3,59.99,no,Credit Card,,John Doe,2020-6-10,Chicago,2015-03-10,A,5
2022-7-25,trx-374998944088,85550,Michael,Davis,michael.davis@yahoo.com[,11.0,2.0,19,Sandals,Footwear,True,,,,,1,29.99,no,Cash,,john wick,2018-7-10,Los Angeles,2016-07-28,B,5
2023-12-11,trx-438482281499,85502,Ava,Wilson,ava.wilson@hotmail.com^,10.0,3.0,4,Headphones,Electronics,,True,,,,3,99.99,no,Cash,,Sophia Moore,2019-11-10,Chicago,2015-03-10,A,5
2023-7-11,trx-032793107567,85462,James,Wilson,james.wilson@outlook.comm,6.0,5.0,13,Printer,Electronics,,,,,,8,149.99,no,Credit Card,,Emma Taylor,2018-8-9,Phoenix,2017-09-20,C,5
2023-3-14,trx-921717487779,85466,James,Williams,james.williams@yahoo.comm,11.0,4.0,16,Skirt,Clothing,,,,,,1,39.99,no,Credit Card,,john wick,2018-7-10,Houston,2016-11-05,D,5
2023-9-12,trx-327112777227,85553,John,Moore,john.moore@outlook.com)x,4.0,2.0,30,Electric Kettle,Appliances,,True,,,,6,24.99,no,Cash,,Emily Brown,2018-11-12,Los Angeles,2016-07-28,B,5
2022-9-14,trx-266046203835,85560,Emma,Johnson,emma.johnson@outlook.com ,5.0,4.0,14,Camera,Electronics,,,,,True,10,399.99,no,Cash,,David Wilson,2020-6-23,Houston,2016-11-05,D,5
2022-5-2,trx-667804519892,85483,Emma,Miller,emma.miller@hotmail.com|,9.0,2.0,12,Monitor,Electronics,,,,,,10,299.99,no,Cash,,Daniel Martinez,2019-7-19,Los Angeles,2016-07-28,B,5
2022-8-8,trx-296839745810,85472,Alexander,Wilson,alexander.wilson@outlook.com',1.0,5.0,21,Microwave,Appliances,,,,,True,7,129.99,no,Credit Card,,John Doe,2020-6-10,Phoenix,2017-09-20,C,5
2022-5-5,trx-314177388965,85490,Sophia,Johnson,sophia.johnson@yahoo.com[,3.0,4.0,10,Sandals,Footwear,,,,,,10,39.99,no,Cash,,Michael Johnson,2019-7-22,Houston,2016-11-05,D,5
2022-1-19,trx-633773076289,85544,Ava,Johnson,ava.johnson@gmail.com;,2.0,5.0,14,Camera,Electronics,,,,,,6,399.99,no,Cash,,Jane Smith,2021-6-8,Phoenix,2017-09-20,C,5
2022-7-16,trx-120371804387,85510,Mia,Davis,mia.davis@hotmail.com:,9.0,1.0,29,Hair Straightener,Appliances,,,,,,3,39.99,no,Credit Card,,Daniel Martinez,2019-7-19,New York,2017-01-15,A,5
2023-7-5,trx-331982557330,85558,Emma,Moore,emma.moore@hotmail.com;,10.0,3.0,3,Tablet,Electronics,,,,,,6,299.99,no,Cash,,Sophia Moore,2019-11-10,Chicago,2015-03-10,A,5
2023-8-26,trx-470869257435,85548,Mia,Johnson,mia.johnson@hotmail.com(,4.0,6.0,16,Skirt,Clothing,,,True,,,1,39.99,no,Cash,,Emily Brown,2018-11-12,Oklahoma,2016-09-20,A,5
2023-4-4,trx-263794681479,85489,Emma,Wilson,emma.wilson@gmail.com{,3.0,4.0,30,Electric Kettle,Appliances,,,,,,1,24.99,no,Credit Card,,Michael Johnson,2019-7-22,Houston,2016-11-05,D,5
2022-5-28,trx-995413373101,85492,Michael,Miller,michael.miller@gmail.com#4r,9.0,5.0,28,Hair Dryer,Appliances,,True,,,,7,19.99,no,Credit Card,,Daniel Martinez,2019-7-19,Phoenix,2017-09-20,C,5
2022-8-14,trx-162719226732,85510,Mia,Davis,mia.davis@hotmail.com(,5.0,5.0,23,Toaster,Appliances,,,,,,4,39.99,no,Credit Card,,David Wilson,2020-6-23,Phoenix,2017-09-20,C,5
2023-5-11,trx-288659170032,85477,John,Jones,john.jones@gmail.com^,5.0,5.0,29,Hair Straightener,Appliances,,True,,,,9,39.99,no,Credit Card,,David Wilson,2020-6-23,Phoenix,2017-09-20,C,5
2022-8-11,trx-825023726398,85519,Emma,Wilson,emma.wilson@hotmail.com(,1.0,1.0,15,Hoodie,Clothing,,True,,,,4,29.99,no,Cash,,John Doe,2020-6-10,New York,2017-01-15,A,5
2023-6-10,trx-053179319505,85510,Mia,Davis,mia.davis@hotmail.com)x,9.0,2.0,20,Heels,Footwear,,,,,,7,59.99,no,Credit Card,,Daniel Martinez,2019-7-19,Los Angeles,2016-07-28,B,5
2022-4-27,trx-966054802157,85491,John,Taylor,john.taylor@outlook.com<,8.0,3.0,29,Hair Straightener,Appliances,,,,True,,9,39.99,no,Credit Card,,Olivia Davis,2019-12-8,Chicago,2015-03-10,A,5
2022-8-13,trx-530344048595,85561,Olivia,Moore,"olivia.moore@hotmail.com""",9.0,4.0,16,Skirt,Clothing,,,,,,1,39.99,no,Credit Card,,Daniel Martinez,2019-7-19,Houston,2016-11-05,D,5
2022-6-18,trx-865414914634,85484,James,Taylor,james.taylor@yahoo.com%x,10.0,3.0,22,Coffee Maker,Appliances,,,,,,9,79.99,no,Cash,,Sophia Moore,2019-11-10,Chicago,2015-03-10,A,5
2022-4-18,trx-896506812590,85519,Emma,Wilson,emma.wilson@hotmail.com}4,11.0,2.0,3,Tablet,Electronics,,True,,,,1,299.99,no,Credit Card,,john wick,2018-7-10,Los Angeles,2016-07-28,B,5
2023-1-9,trx-262711931992,85535,Olivia,Johnson,"olivia.johnson@yahoo.com""",7.0,2.0,7,Dress,Clothing,,,,,,7,59.99,no,Cash,,Christopher Miller,2018-7-5,Los Angeles,2016-07-28,B,5
2023-1-27,trx-507091006877,85496,Alexander,Moore,alexander.moore@hotmail.com}4,9.0,6.0,15,Hoodie,Clothing,,,True,,,10,29.99,no,Credit Card,,Daniel Martinez,2019-7-19,Oklahoma,2016-09-20,A,5
2023-7-14,trx-544766707360,85514,Ava,Davis,ava.davis@hotmail.com',10.0,1.0,20,Heels,Footwear,,,,,,9,59.99,no,Cash,,Sophia Moore,2019-11-10,New York,2017-01-15,A,5
2023-11-6,trx-261833525809,85520,Michael,Williams,michael.williams@yahoo.com/,2.0,4.0,22,Coffee Maker,Appliances,,,,,,2,79.99,no,Credit Card,,Jane Smith,2021-6-8,Houston,2016-11-05,D,5
2022-3-22,trx-706731267885,85494,Sophia,Moore,sophia.moore@gmail.com>,8.0,2.0,13,Printer,Electronics,,,,,True,3,149.99,no,Cash,,Olivia Davis,2019-12-8,Los Angeles,2016-07-28,B,5
2023-8-22,trx-875510590252,85517,Mia,Jones,mia.jones@outlook.com{,6.0,2.0,7,Dress,Clothing,,True,,,,3,59.99,no,Credit Card,,Emma Taylor,2018-8-9,Los Angeles,2016-07-28,B,5
2023-12-12,trx-638654496318,85491,John,Taylor,john.taylor@outlook.com ,6.0,1.0,24,Blender,Appliances,,,,,,1,49.99,no,Credit Card,,Emma Taylor,2018-8-9,New York,2017-01-15,A,5
2023-4-22,trx-612629695774,85542,Alexander,Smith,alexander.smith@yahoo.com ,4.0,3.0,28,Hair Dryer,Appliances,,,,,,10,19.99,no,Credit Card,,Emily Brown,2018-11-12,Chicago,2015-03-10,A,5
2023-10-18,trx-444240951216,85462,James,Wilson,"james.wilson@outlook.com""",7.0,2.0,4,Headphones,Electronics,,,True,,,8,99.99,no,Credit Card,,Christopher Miller,2018-7-5,Los Angeles,2016-07-28,B,5
2023-6-8,trx-725207524032,85543,James,Williams,james.williams@gmail.com)x,6.0,4.0,23,Toaster,Appliances,,,,,,8,39.99,no,Credit Card,,Emma Taylor,2018-8-9,Houston,2016-11-05,D,5
2022-7-18,trx-229803506654,85530,Olivia,Moore,olivia.moore@yahoo.com',6.0,5.0,2,Smartphone,Electronics,,True,,,,10,699.99,no,Cash,,Emma Taylor,2018-8-9,Phoenix,2017-09-20,C,5
2022-6-23,trx-726131176300,85534,Emma,Davis,emma.davis@gmail.com*,4.0,5.0,18,Boots,Footwear,,,True,,,5,149.99,no,Credit Card,,Emily Brown,2018-11-12,Phoenix,2017-09-20,C,5
2022-1-24,trx-703078273266,85508,Ava,Smith,ava.smith@gmail.com:,6.0,2.0,21,Microwave,Appliances,,,,,,1,129.99,no,Cash,,Emma Taylor,2018-8-9,Los Angeles,2016-07-28,B,5
2023-12-7,trx-633704738322,85562,John,Davis,john.davis@gmail.comm,5.0,6.0,25,Washing Machine,Appliances,,,,,,9,499.99,no,Cash,,David Wilson,2020-6-23,Oklahoma,2016-09-20,A,5
2023-10-13,trx-711973340121,85500,John,Davis,john.davis@yahoo.com*,3.0,1.0,26,Vacuum Cleaner,Appliances,,,True,,,1,199.99,no,Credit Card,,Michael Johnson,2019-7-22,New York,2017-01-15,A,5
2023-9-18,trx-418039034527,85557,William,Williams,william.williams@hotmail.com]x,9.0,1.0,22,Coffee Maker,Appliances,,,True,,,3,79.99,no,Cash,,Daniel Martinez,2019-7-19,New York,2017-01-15,A,5
2022-4-28,trx-344406637713,85555,James,Smith,james.smith@yahoo.com\,5.0,5.0,17,Blouse,Clothing,,,,,,5,29.99,no,Cash,,David Wilson,2020-6-23,Phoenix,2017-09-20,C,5
2022-5-27,trx-054485009370,85495,Michael,Johnson,michael.johnson@gmail.com}4,6.0,6.0,9,Boots,Footwear,,,,,,5,129.99,no,Cash,,Emma Taylor,2018-8-9,Oklahoma,2016-09-20,A,5
2022-4-9,trx-308269794825,85472,Alexander,Wilson,alexander.wilson@outlook.com\,8.0,4.0,17,Blouse,Clothing,,,,,,7,29.99,no,Credit Card,,Olivia Davis,2019-12-8,Houston,2016-11-05,D,5
2022-11-26,trx-160368159208,85520,Michael,Williams,michael.williams@yahoo.com',7.0,1.0,14,Camera,Electronics,,True,,,,7,399.99,no,Credit Card,,Christopher Miller,2018-7-5,New York,2017-01-15,A,5
2023-9-18,trx-708713680206,85505,Sophia,Taylor,sophia.taylor@yahoo.com;,11.0,3.0,19,Sandals,Footwear,,True,,,,7,29.99,no,Credit Card,,john wick,2018-7-10,Chicago,2015-03-10,A,5
2023-1-4,trx-457420198161,85522,Emma,Jones,emma.jones@hotmail.com}4,8.0,4.0,25,Washing Machine,Appliances,,,,,,2,499.99,no,Credit Card,,Olivia Davis,2019-12-8,Houston,2016-11-05,D,5
2022-3-21,trx-417852994651,85559,Olivia,Moore,olivia.moore@gmail.com)x,5.0,5.0,6,Jeans,Clothing,True,,,,,6,49.99,no,Cash,,David Wilson,2020-6-23,Phoenix,2017-09-20,C,5
2022-10-25,trx-907090387227,85487,Emma,Davis,emma.davis@hotmail.com;,3.0,2.0,14,Camera,Electronics,,,,,,8,399.99,no,Credit Card,,Michael Johnson,2019-7-22,Los Angeles,2016-07-28,B,5
2022-3-12,trx-150244686925,85470,Sophia,Smith,sophia.smith@yahoo.com:,5.0,6.0,5,T-Shirt,Clothing,,,,,,5,19.99,no,Credit Card,,David Wilson,2020-6-23,Oklahoma,2016-09-20,A,5
2022-11-9,trx-269418072093,85473,Alexander,Moore,alexander.moore@gmail.com]x,7.0,2.0,19,Sandals,Footwear,,,,True,,7,29.99,no,Cash,,Christopher Miller,2018-7-5,Los Angeles,2016-07-28,B,5
2023-1-18,trx-752471748814,85478,John,Johnson,john.johnson@hotmail.com\,10.0,3.0,25,Washing Machine,Appliances,,,,True,,9,499.99,no,Cash,,Sophia Moore,2019-11-10,Chicago,2015-03-10,A,5
2022-5-7,trx-798822924670,85501,Emma,Taylor,emma.taylor@gmail.com|,7.0,5.0,27,Iron,Appliances,,,,,,7,29.99,no,Cash,,Christopher Miller,2018-7-5,Phoenix,2017-09-20,C,5
2023-12-25,trx-081695180687,85534,Emma,Davis,emma.davis@gmail.com[,4.0,6.0,22,Coffee Maker,Appliances,,,,,,2,79.99,no,Credit Card,,Emily Brown,2018-11-12,Oklahoma,2016-09-20,A,5
2022-7-7,trx-992280429267,85531,Sophia,Taylor,sophia.taylor@hotmail.com(,5.0,5.0,7,Dress,Clothing,,,,,True,10,59.99,no,Cash,,David Wilson,2020-6-23,Phoenix,2017-09-20,C,5
2022-3-20,trx-783622197933,85483,Emma,Miller,emma.miller@hotmail.com#4r,1.0,6.0,25,Washing Machine,Appliances,,,,,,8,499.99,no,Cash,,John Doe,2020-6-10,Oklahoma,2016-09-20,A,5
2022-7-11,trx-228107313317,85551,William,Davis,william.davis@hotmail.com|,6.0,6.0,25,Washing Machine,Appliances,,,,,,6,499.99,no,Credit Card,,Emma Taylor,2018-8-9,Oklahoma,2016-09-20,A,5
2023-2-13,trx-138564363673,85546,William,Taylor,william.taylor@outlook.com(,6.0,1.0,20,Heels,Footwear,,,,,,3,59.99,no,Cash,,Emma Taylor,2018-8-9,New York,2017-01-15,A,5
2022-9-13,trx-085882568029,85555,James,Smith,james.smith@yahoo.com{,8.0,5.0,15,Hoodie,Clothing,,,,True,,7,29.99,no,Cash,,Olivia Davis,2019-12-8,Phoenix,2017-09-20,C,5
2022-2-9,trx-824276775742,85481,Emma,Wilson,emma.wilson@yahoo.com*,7.0,1.0,26,Vacuum Cleaner,Appliances,,,True,,,7,199.99,no,Credit Card,,Christopher Miller,2018-7-5,New York,2017-01-15,A,5
2023-1-22,trx-078599668802,85539,Sophia,Miller,sophia.miller@gmail.comm,4.0,2.0,28,Hair Dryer,Appliances,,,,,,1,19.99,no,Cash,,Emily Brown,2018-11-12,Los Angeles,2016-07-28,B,5
2023-8-21,trx-440049120394,85562,John,Davis,john.davis@gmail.com{,11.0,1.0,13,Printer,Electronics,,,,True,,5,149.99,no,Cash,,john wick,2018-7-10,New York,2017-01-15,A,5
2023-1-5,trx-489111329050,85522,Emma,Jones,emma.jones@hotmail.com]x,4.0,3.0,25,Washing Machine,Appliances,,True,,,,9,499.99,no,Cash,,Emily Brown,2018-11-12,Chicago,2015-03-10,A,5
2023-2-7,trx-425667807865,85507,Olivia,Smith,olivia.smith@hotmail.com/,9.0,6.0,2,Smartphone,Electronics,,,,,,3,699.99,no,Credit Card,,Daniel Martinez,2019-7-19,Oklahoma,2016-09-20,A,5
2023-4-12,trx-481579989938,85520,Michael,Williams,michael.williams@yahoo.com<,4.0,6.0,15,Hoodie,Clothing,,,,,,5,29.99,no,Credit Card,,Emily Brown,2018-11-12,Oklahoma,2016-09-20,A,5
2023-1-8,trx-963529690555,85473,Alexander,Moore,alexander.moore@gmail.com|,5.0,6.0,10,Sandals,Footwear,,,,,,7,39.99,no,Cash,,David Wilson,2020-6-23,Oklahoma,2016-09-20,A,5
2022-6-11,trx-315655800865,85551,William,Davis,william.davis@hotmail.com^,10.0,3.0,29,Hair Straightener,Appliances,,,,,,2,39.99,no,Credit Card,,Sophia Moore,2019-11-10,Chicago,2015-03-10,A,5
2022-10-22,trx-293511734466,85472,Alexander,Wilson,alexander.wilson@outlook.com[,8.0,6.0,17,Blouse,Clothing,,True,,,,2,29.99,no,Credit Card,,Olivia Davis,2019-12-8,Oklahoma,2016-09-20,A,5
2023-12-24,trx-449034962500,85467,Sophia,Wilson,sophia.wilson@yahoo.com*,8.0,5.0,21,Microwave,Appliances,,,True,,,9,129.99,no,Credit Card,,Olivia Davis,2019-12-8,Phoenix,2017-09-20,C,5
2022-10-5,trx-256968305591,85555,James,Smith,james.smith@yahoo.com*,11.0,1.0,29,Hair Straightener,Appliances,,,,,,1,39.99,no,Cash,,john wick,2018-7-10,New York,2017-01-15,A,5
2023-7-3,trx-336143826576,85535,Olivia,Johnson,olivia.johnson@yahoo.com*,5.0,5.0,18,Boots,Footwear,,,,,,9,149.99,no,Credit Card,,David Wilson,2020-6-23,Phoenix,2017-09-20,C,5
2022-8-2,trx-975751270367,85540,Sophia,Jones,sophia.jones@hotmail.com;,4.0,6.0,22,Coffee Maker,Appliances,,,,,,4,79.99,no,Credit Card,,Emily Brown,2018-11-12,Oklahoma,2016-09-20,A,5
2022-7-3,trx-517972332307,85561,Olivia,Moore,olivia.moore@hotmail.com;,4.0,6.0,16,Skirt,Clothing,,,,,,8,39.99,no,Credit Card,,Emily Brown,2018-11-12,Oklahoma,2016-09-20,A,5
2022-2-4,trx-979961311317,85478,John,Johnson,john.johnson@hotmail.com>,6.0,2.0,20,Heels,Footwear,,,,,,6,59.99,no,Cash,,Emma Taylor,2018-8-9,Los Angeles,2016-07-28,B,5
2022-12-12,trx-251575800656,85510,Mia,Davis,mia.davis@hotmail.com{,10.0,3.0,11,TV,Electronics,,,,True,,5,899.99,no,Credit Card,,Sophia Moore,2019-11-10,Chicago,2015-03-10,A,5
2022-2-13,trx-196791084843,85509,Ava,Taylor,ava.taylor@hotmail.com',3.0,5.0,27,Iron,Appliances,,,,,,5,29.99,no,Credit Card,,Michael Johnson,2019-7-22,Phoenix,2017-09-20,C,5
2022-7-14,trx-230026382873,85501,Emma,Taylor,emma.taylor@gmail.com%x,5.0,1.0,28,Hair Dryer,Appliances,,,,,,1,19.99,no,Cash,,David Wilson,2020-6-23,New York,2017-01-15,A,5
2023-12-9,trx-647040836726,85471,Olivia,Wilson,olivia.wilson@outlook.com|,8.0,2.0,7,Dress,Clothing,True,,,,,5,59.99,no,Credit Card,,Olivia Davis,2019-12-8,Los Angeles,2016-07-28,B,5
2022-1-18,trx-526749386492,85506,Sophia,Wilson,sophia.wilson@hotmail.com\,4.0,6.0,7,Dress,Clothing,,,,,,1,59.99,no,Credit Card,,Emily Brown,2018-11-12,Oklahoma,2016-09-20,A,5
2022-6-16,trx-690444542181,85538,Emma,Davis,emma.davis@gmail.comm,3.0,1.0,27,Iron,Appliances,,,,,True,10,29.99,no,Cash,,Michael Johnson,2019-7-22,New York,2017-01-15,A,5
2023-3-20,trx-574513468895,85516,Mia,Miller,mia.miller@hotmail.com#4r,9.0,5.0,29,Hair Straightener,Appliances,,,,,,9,39.99,no,Credit Card,,Daniel Martinez,2019-7-19,Phoenix,2017-09-20,C,5
2022-8-22,trx-746162741388,85465,Sophia,Wilson,sophia.wilson@hotmail.com]x,2.0,4.0,26,Vacuum Cleaner,Appliances,,,,,True,3,199.99,no,Cash,,Jane Smith,2021-6-8,Houston,2016-11-05,D,5
2023-4-23,trx-051701422754,85474,Sophia,Davis,sophia.davis@gmail.com',2.0,6.0,25,Washing Machine,Appliances,,,,,,6,499.99,no,Cash,,Jane Smith,2021-6-8,Oklahoma,2016-09-20,A,5
2022-7-9,trx-609086688685,85496,Alexander,Moore,alexander.moore@hotmail.com]x,1.0,1.0,9,Boots,Footwear,,,,,,5,129.99,no,Credit Card,,John Doe,2020-6-10,New York,2017-01-15,A,5
2022-8-26,trx-344582304712,85478,John,Johnson,john.johnson@hotmail.com ,7.0,6.0,12,Monitor,Electronics,True,,,,,9,299.99,no,Cash,,Christopher Miller,2018-7-5,Oklahoma,2016-09-20,A,5
2023-5-18,trx-099264940959,85532,James,Wilson,james.wilson@outlook.com>,4.0,5.0,6,Jeans,Clothing,,,,,True,5,49.99,no,Cash,,Emily Brown,2018-11-12,Phoenix,2017-09-20,C,5
2023-2-1,trx-403567950948,85516,Mia,Miller,mia.miller@hotmail.com%x,8.0,1.0,10,Sandals,Footwear,True,,,,,4,39.99,no,Cash,,Olivia Davis,2019-12-8,New York,2017-01-15,A,5
2023-6-18,trx-535112556653,85494,Sophia,Moore,sophia.moore@gmail.com;,6.0,6.0,8,Sneakers,Footwear,,,,,,8,79.99,no,Credit Card,,Emma Taylor,2018-8-9,Oklahoma,2016-09-20,A,5
2023-9-3,trx-263438688160,85524,Alexander,Jones,alexander.jones@outlook.com}4,4.0,1.0,11,TV,Electronics,,,,True,,9,899.99,no,Cash,,Emily Brown,2018-11-12,New York,2017-01-15,A,5
2023-6-26,trx-173427767221,85506,Sophia,Wilson,sophia.wilson@hotmail.com&,8.0,6.0,11,TV,Electronics,,,,True,,3,899.99,no,Cash,,Olivia Davis,2019-12-8,Oklahoma,2016-09-20,A,5
2022-11-28,trx-272029432883,85549,John,Williams,john.williams@hotmail.com/,4.0,3.0,18,Boots,Footwear,,,,,,9,149.99,no,Cash,,Emily Brown,2018-11-12,Chicago,2015-03-10,A,5
2023-11-22,trx-998357031315,85482,Emma,Moore,emma.moore@gmail.com&,6.0,1.0,28,Hair Dryer,Appliances,True,,,,,6,19.99,no,Cash,,Emma Taylor,2018-8-9,New York,2017-01-15,A,5
2023-7-15,trx-874657504995,85546,William,Taylor,william.taylor@outlook.com>,3.0,1.0,30,Electric Kettle,Appliances,,,,,,6,24.99,no,Cash,,Michael Johnson,2019-7-22,New York,2017-01-15,A,5
2022-11-15,trx-997594942799,85514,Ava,Davis,ava.davis@hotmail.com&,5.0,6.0,22,Coffee Maker,Appliances,True,,,,,10,79.99,no,Cash,,David Wilson,2020-6-23,Oklahoma,2016-09-20,A,5
2022-1-21,trx-390651635852,85465,Sophia,Wilson,sophia.wilson@hotmail.com;,9.0,2.0,29,Hair Straightener,Appliances,,,,True,,1,39.99,no,Cash,,Daniel Martinez,2019-7-19,Los Angeles,2016-07-28,B,5
2023-10-23,trx-112791166480,85501,Emma,Taylor,emma.taylor@gmail.com{,8.0,1.0,19,Sandals,Footwear,,,,True,,7,29.99,no,Credit Card,,Olivia Davis,2019-12-8,New York,2017-01-15,A,5
2023-11-23,trx-727592913807,85474,Sophia,Davis,sophia.davis@gmail.com',9.0,6.0,7,Dress,Clothing,,True,,,,10,59.99,no,Cash,,Daniel Martinez,2019-7-19,Oklahoma,2016-09-20,A,5
2022-5-10,trx-228436326259,85491,John,Taylor,john.taylor@outlook.comm,11.0,3.0,9,Boots,Footwear,,,,,,6,129.99,no,Credit Card,,john wick,2018-7-10,Chicago,2015-03-10,A,5
2022-4-20,trx-116999280441,85556,William,Smith,william.smith@outlook.com%x,7.0,1.0,9,Boots,Footwear,,,True,,,3,129.99,no,Cash,,Christopher Miller,2018-7-5,New York,2017-01-15,A,5
2022-11-28,trx-189338679578,85521,Olivia,Wilson,olivia.wilson@gmail.com[,1.0,1.0,5,T-Shirt,Clothing,,True,,,,10,19.99,no,Cash,,John Doe,2020-6-10,New York,2017-01-15,A,5
2023-8-3,trx-346610814435,85518,Alexander,Davis,alexander.davis@yahoo.com>,8.0,6.0,14,Camera,Electronics,,,,,,3,399.99,no,Credit Card,,Olivia Davis,2019-12-8,Oklahoma,2016-09-20,A,5
2023-8-23,trx-310064475240,85512,James,Wilson,james.wilson@yahoo.com^,1.0,1.0,5,T-Shirt,Clothing,True,,,,,7,19.99,no,Credit Card,,John Doe,2020-6-10,New York,2017-01-15,A,5
2023-7-27,trx-831981687709,85477,John,Jones,john.jones@gmail.com)x,2.0,6.0,23,Toaster,Appliances,True,,,,,6,39.99,no,Credit Card,,Jane Smith,2021-6-8,Oklahoma,2016-09-20,A,5
2022-10-15,trx-274291401732,85544,Ava,Johnson,ava.johnson@gmail.com|,8.0,2.0,12,Monitor,Electronics,,,,,,10,299.99,no,Cash,,Olivia Davis,2019-12-8,Los Angeles,2016-07-28,B,5
2023-8-20,trx-207726701220,85463,Mia,Wilson,mia.wilson@hotmail.com^,11.0,5.0,11,TV,Electronics,,,,,,8,899.99,no,Credit Card,,john wick,2018-7-10,Phoenix,2017-09-20,C,5
2023-4-1,trx-171073385668,85543,James,Williams,"james.williams@gmail.com""",6.0,5.0,1,Laptop,Electronics,,,,,,7,999.99,no,Credit Card,,Emma Taylor,2018-8-9,Phoenix,2017-09-20,C,5
2022-7-16,trx-548920164468,85557,William,Williams,"william.williams@hotmail.com""",4.0,1.0,11,TV,Electronics,,,,True,,1,899.99,no,Credit Card,,Emily Brown,2018-11-12,New York,2017-01-15,A,5
2022-11-9,trx-861805999998,85512,James,Wilson,james.wilson@yahoo.com;,1.0,5.0,2,Smartphone,Electronics,,,,,,5,699.99,no,Credit Card,,John Doe,2020-6-10,Phoenix,2017-09-20,C,5
2023-12-2,trx-724622672722,85505,Sophia,Taylor,sophia.taylor@yahoo.com/,10.0,3.0,7,Dress,Clothing,,True,,,,8,59.99,no,Cash,,Sophia Moore,2019-11-10,Chicago,2015-03-10,A,5
2022-9-24,trx-459404669996,85516,Mia,Miller,mia.miller@hotmail.com#4r,8.0,4.0,22,Coffee Maker,Appliances,,,,,,8,79.99,no,Credit Card,,Olivia Davis,2019-12-8,Houston,2016-11-05,D,5
2023-5-10,trx-139212643386,85471,Olivia,Wilson,olivia.wilson@outlook.com{,6.0,1.0,29,Hair Straightener,Appliances,,,,,,2,39.99,no,Cash,,Emma Taylor,2018-8-9,New York,2017-01-15,A,5
2023-9-14,trx-734528441362,85487,Emma,Davis,"emma.davis@hotmail.com""",3.0,5.0,1,Laptop,Electronics,,,,,,9,999.99,no,Cash,,Michael Johnson,2019-7-22,Phoenix,2017-09-20,C,5
2023-10-28,trx-200026822444,85533,Ava,Johnson,ava.johnson@hotmail.com[,10.0,3.0,5,T-Shirt,Clothing,,,,,,8,19.99,no,Cash,,Sophia Moore,2019-11-10,Chicago,2015-03-10,A,5
2022-1-22,trx-103174153286,85484,James,Taylor,james.taylor@yahoo.com',6.0,2.0,23,Toaster,Appliances,,,,True,,10,39.99,no,Credit Card,,Emma Taylor,2018-8-9,Los Angeles,2016-07-28,B,5
2023-9-11,trx-748558846325,85512,James,Wilson,james.wilson@yahoo.com>,3.0,2.0,14,Camera,Electronics,,,,,,10,399.99,no,Cash,,Michael Johnson,2019-7-22,Los Angeles,2016-07-28,B,5
2023-1-27,trx-799527864954,85467,Sophia,Wilson,sophia.wilson@yahoo.com%x,11.0,1.0,7,Dress,Clothing,,,,,,1,59.99,no,Credit Card,,john wick,2018-7-10,New York,2017-01-15,A,5
2023-7-15,trx-453356118011,85498,Olivia,Davis,olivia.davis@gmail.com{,10.0,5.0,8,Sneakers,Footwear,,,,True,,2,79.99,no,Cash,,Sophia Moore,2019-11-10,Phoenix,2017-09-20,C,5
2023-10-15,trx-952770366352,85553,John,Moore,john.moore@outlook.com^,2.0,2.0,15,Hoodie,Clothing,True,,,,,5,29.99,no,Credit Card,,Jane Smith,2021-6-8,Los Angeles,2016-07-28,B,5
2023-7-6,trx-532047651189,85543,James,Williams,james.williams@gmail.com<,2.0,4.0,13,Printer,Electronics,,,,,,3,149.99,no,Credit Card,,Jane Smith,2021-6-8,Houston,2016-11-05,D,5
2022-12-26,trx-610415133033,85465,Sophia,Wilson,sophia.wilson@hotmail.com*,11.0,4.0,19,Sandals,Footwear,True,,,,,3,29.99,no,Credit Card,,john wick,2018-7-10,Houston,2016-11-05,D,5
2023-11-6,trx-988664426156,85533,Ava,Johnson,ava.johnson@hotmail.com>,5.0,4.0,18,Boots,Footwear,,,,,,2,149.99,no,Cash,,David Wilson,2020-6-23,Houston,2016-11-05,D,5
2023-3-28,trx-106429282904,85480,Emma,Jones,emma.jones@hotmail.com:,9.0,3.0,12,Monitor,Electronics,,,,True,,1,299.99,no,Cash,,Daniel Martinez,2019-7-19,Chicago,2015-03-10,A,5
2022-8-10,trx-541744526772,85523,Sophia,Smith,sophia.smith@hotmail.com[,8.0,2.0,15,Hoodie,Clothing,,,,,,10,29.99,no,Cash,,Olivia Davis,2019-12-8,Los Angeles,2016-07-28,B,5
2022-10-11,trx-203631565737,85472,Alexander,Wilson,alexander.wilson@outlook.com*,7.0,1.0,10,Sandals,Footwear,,,,,,5,39.99,no,Cash,,Christopher Miller,2018-7-5,New York,2017-01-15,A,5
2022-12-27,trx-630775350506,85464,Emma,Williams,emma.williams@hotmail.com#4r,11.0,6.0,7,Dress,Clothing,True,,,,,3,59.99,no,Credit Card,,john wick,2018-7-10,Oklahoma,2016-09-20,A,5
2022-8-22,trx-937047866659,85529,James,Wilson,james.wilson@hotmail.com#4r,11.0,6.0,11,TV,Electronics,,,,,,1,899.99,no,Cash,,john wick,2018-7-10,Oklahoma,2016-09-20,A,5
2022-4-15,trx-301725768094,85468,William,Moore,william.moore@outlook.com)x,9.0,5.0,30,Electric Kettle,Appliances,,True,,,,6,24.99,no,Credit Card,,Daniel Martinez,2019-7-19,Phoenix,2017-09-20,C,5
2023-3-23,trx-491851265111,85556,William,Smith,william.smith@outlook.com*,5.0,2.0,24,Blender,Appliances,,True,,,,9,49.99,no,Cash,,David Wilson,2020-6-23,Los Angeles,2016-07-28,B,5
2023-7-17,trx-201414905967,85555,James,Smith,james.smith@yahoo.com%x,2.0,4.0,16,Skirt,Clothing,,,True,,,2,39.99,no,Cash,,Jane Smith,2021-6-8,Houston,2016-11-05,D,5
2023-6-20,trx-540062701476,85503,Alexander,Miller,alexander.miller@outlook.com ,9.0,6.0,12,Monitor,Electronics,,,,,,4,299.99,no,Credit Card,,Daniel Martinez,2019-7-19,Oklahoma,2016-09-20,A,5
2022-1-9,trx-130420543567,85487,Emma,Davis,emma.davis@hotmail.com]x,2.0,2.0,8,Sneakers,Footwear,,,,True,,2,79.99,no,Credit Card,,Jane Smith,2021-6-8,Los Angeles,2016-07-28,B,5
2022-12-4,trx-970832425571,85476,Alexander,Taylor,alexander.taylor@yahoo.com',7.0,3.0,23,Toaster,Appliances,,,,,,5,39.99,no,Credit Card,,Christopher Miller,2018-7-5,Chicago,2015-03-10,A,5
2022-3-9,trx-979546219503,85532,James,Wilson,james.wilson@outlook.com&,5.0,5.0,20,Heels,Footwear,,,,True,,7,59.99,no,Credit Card,,David Wilson,2020-6-23,Phoenix,2017-09-20,C,5
2023-8-5,trx-144512147889,85475,Alexander,Moore,alexander.moore@gmail.com\,1.0,2.0,25,Washing Machine,Appliances,,,,,,7,499.99,no,Cash,,John Doe,2020-6-10,Los Angeles,2016-07-28,B,5
2022-6-16,trx-586633791738,85486,Emma,Moore,emma.moore@gmail.com(,9.0,3.0,9,Boots,Footwear,,True,,,,7,129.99,no,Cash,,Daniel Martinez,2019-7-19,Chicago,2015-03-10,A,5
2023-6-13,trx-463120190760,85522,Emma,Jones,emma.jones@hotmail.com<,4.0,2.0,29,Hair Straightener,Appliances,,True,,,,10,39.99,no,Credit Card,,Emily Brown,2018-11-12,Los Angeles,2016-07-28,B,5
2022-5-22,trx-872501421522,85499,Olivia,Wilson,olivia.wilson@gmail.com[,11.0,6.0,19,Sandals,Footwear,,,,,,3,29.99,no,Credit Card,,john wick,2018-7-10,Oklahoma,2016-09-20,A,5
2022-2-23,trx-286168395118,85552,John,Wilson,john.wilson@yahoo.com{,9.0,4.0,28,Hair Dryer,Appliances,,,True,,,2,19.99,no,Credit Card,,Daniel Martinez,2019-7-19,Houston,2016-11-05,D,5
2022-1-2,trx-933984858297,85472,Alexander,Wilson,alexander.wilson@outlook.com)x,10.0,6.0,28,Hair Dryer,Appliances,True,,,,,7,19.99,no,Credit Card,,Sophia Moore,2019-11-10,Oklahoma,2016-09-20,A,5
2023-1-4,trx-491356717653,85482,Emma,Moore,emma.moore@gmail.com;,4.0,6.0,9,Boots,Footwear,,,True,,,6,129.99,no,Cash,,Emily Brown,2018-11-12,Oklahoma,2016-09-20,A,5
2023-12-28,trx-933345383500,85499,Olivia,Wilson,olivia.wilson@gmail.com)x,2.0,6.0,28,Hair Dryer,Appliances,,True,,,,2,19.99,no,Credit Card,,Jane Smith,2021-6-8,Oklahoma,2016-09-20,A,5
2023-11-4,trx-379570676631,85528,John,Taylor,john.taylor@hotmail.com|,3.0,2.0,23,Toaster,Appliances,,,,,,7,39.99,no,Credit Card,,Michael Johnson,2019-7-22,Los Angeles,2016-07-28,B,5
2022-6-24,trx-231726677492,85486,Emma,Moore,emma.moore@gmail.com^,8.0,4.0,2,Smartphone,Electronics,,True,,,,3,699.99,no,Cash,,Olivia Davis,2019-12-8,Houston,2016-11-05,D,5
2022-12-17,trx-036001036573,85462,James,Wilson,james.wilson@outlook.com\,4.0,1.0,22,Coffee Maker,Appliances,,,True,,,3,79.99,no,Credit Card,,Emily Brown,2018-11-12,New York,2017-01-15,A,5
2022-8-4,trx-430395245760,85482,Emma,Moore,emma.moore@gmail.com{,5.0,6.0,22,Coffee Maker,Appliances,,,,True,,7,79.99,no,Cash,,David Wilson,2020-6-23,Oklahoma,2016-09-20,A,5
2022-8-2,trx-052786710810,85496,Alexander,Moore,alexander.moore@hotmail.com\,7.0,2.0,29,Hair Straightener,Appliances,,,,,,1,39.99,no,Cash,,Christopher Miller,2018-7-5,Los Angeles,2016-07-28,B,5
2022-9-22,trx-916104939895,85511,Olivia,Davis,olivia.davis@outlook.com]x,5.0,5.0,14,Camera,Electronics,,,,True,,1,399.99,no,Credit Card,,David Wilson,2020-6-23,Phoenix,2017-09-20,C,5
2022-12-13,trx-269582365500,85549,John,Williams,"john.williams@hotmail.com""",9.0,3.0,11,TV,Electronics,,,,True,,2,899.99,no,Cash,,Daniel Martinez,2019-7-19,Chicago,2015-03-10,A,5
2022-5-11,trx-064431998172,85534,Emma,Davis,emma.davis@gmail.com',3.0,3.0,22,Coffee Maker,Appliances,,,,,,9,79.99,no,Credit Card,,Michael Johnson,2019-7-22,Chicago,2015-03-10,A,5
2023-8-17,trx-910218815853,85528,John,Taylor,john.taylor@hotmail.com]x,10.0,4.0,20,Heels,Footwear,,,True,,,8,59.99,no,Cash,,Sophia Moore,2019-11-10,Houston,2016-11-05,D,5
2023-5-27,trx-881593564701,85531,Sophia,Taylor,sophia.taylor@hotmail.com/,5.0,6.0,20,Heels,Footwear,,,,True,,10,59.99,no,Credit Card,,David Wilson,2020-6-23,Oklahoma,2016-09-20,A,5
2023-2-7,trx-601861197773,85507,Olivia,Smith,olivia.smith@hotmail.com]x,5.0,6.0,7,Dress,Clothing,,,,,,7,59.99,no,Cash,,David Wilson,2020-6-23,Oklahoma,2016-09-20,A,5
2022-5-7,trx-807066050259,85559,Olivia,Moore,olivia.moore@gmail.com%x,4.0,2.0,2,Smartphone,Electronics,,,,,,8,699.99,no,Credit Card,,Emily Brown,2018-11-12,Los Angeles,2016-07-28,B,5
2022-1-9,trx-141353150622,85490,Sophia,Johnson,sophia.johnson@yahoo.comm,8.0,2.0,22,Coffee Maker,Appliances,True,,,,,1,79.99,no,Credit Card,,Olivia Davis,2019-12-8,Los Angeles,2016-07-28,B,5
2022-1-8,trx-501871190800,85493,James,Jones,james.jones@gmail.com}4,11.0,5.0,22,Coffee Maker,Appliances,,,,,,1,79.99,no,Credit Card,,john wick,2018-7-10,Phoenix,2017-09-20,C,5
2023-4-20,trx-704397839461,85556,William,Smith,william.smith@outlook.com\,6.0,1.0,21,Microwave,Appliances,,True,,,,7,129.99,no,Credit Card,,Emma Taylor,2018-8-9,New York,2017-01-15,A,5
2023-10-22,trx-468674126355,85509,Ava,Taylor,ava.taylor@hotmail.com%x,5.0,6.0,4,Headphones,Electronics,,,,,,6,99.99,no,Credit Card,,David Wilson,2020-6-23,Oklahoma,2016-09-20,A,5
2022-3-27,trx-398126909276,85558,Emma,Moore,emma.moore@hotmail.com#4r,2.0,2.0,14,Camera,Electronics,,,,True,,2,399.99,no,Credit Card,,Jane Smith,2021-6-8,Los Angeles,2016-07-28,B,5
2023-12-24,trx-502982777624,85492,Michael,Miller,michael.miller@gmail.com%x,11.0,4.0,22,Coffee Maker,Appliances,,,,,True,1,79.99,no,Cash,,john wick,2018-7-10,Houston,2016-11-05,D,5
2022-10-3,trx-033031476022,85507,Olivia,Smith,olivia.smith@hotmail.com}4,5.0,6.0,23,Toaster,Appliances,,,,,,6,39.99,no,Credit Card,,David Wilson,2020-6-23,Oklahoma,2016-09-20,A,5
2023-11-10,trx-452017874997,85502,Ava,Wilson,ava.wilson@hotmail.com(,7.0,6.0,5,T-Shirt,Clothing,,,,,,6,19.99,no,Cash,,Christopher Miller,2018-7-5,Oklahoma,2016-09-20,A,5
2022-1-7,trx-224707188952,85478,John,Johnson,john.johnson@hotmail.com\,5.0,2.0,28,Hair Dryer,Appliances,True,,,,,10,19.99,no,Cash,,David Wilson,2020-6-23,Los Angeles,2016-07-28,B,5
2023-5-8,trx-221105858483,85482,Emma,Moore,emma.moore@gmail.com ,1.0,1.0,24,Blender,Appliances,,,,,,4,49.99,no,Cash,,John Doe,2020-6-10,New York,2017-01-15,A,5
2022-5-6,trx-180913265998,85495,Michael,Johnson,michael.johnson@gmail.com[,11.0,5.0,25,Washing Machine,Appliances,,,True,,,5,499.99,no,Credit Card,,john wick,2018-7-10,Phoenix,2017-09-20,C,5
2022-4-6,trx-887457571633,85508,Ava,Smith,ava.smith@gmail.com;,2.0,6.0,2,Smartphone,Electronics,,,,True,,3,699.99,no,Cash,,Jane Smith,2021-6-8,Oklahoma,2016-09-20,A,5
2022-11-14,trx-356472645155,85490,Sophia,Johnson,sophia.johnson@yahoo.com{,10.0,5.0,7,Dress,Clothing,,,True,,,7,59.99,no,Cash,,Sophia Moore,2019-11-10,Phoenix,2017-09-20,C,5
2023-2-25,trx-152974262612,85552,John,Wilson,john.wilson@yahoo.com\,1.0,4.0,29,Hair Straightener,Appliances,True,,,,,4,39.99,no,Cash,,John Doe,2020-6-10,Houston,2016-11-05,D,5
2023-1-18,trx-130837844893,85541,John,Brown,john.brown@hotmail.com;,11.0,4.0,22,Coffee Maker,Appliances,,,,,,2,79.99,no,Credit Card,,john wick,2018-7-10,Houston,2016-11-05,D,5
2022-9-20,trx-621550206924,85482,Emma,Moore,emma.moore@gmail.comm,4.0,5.0,4,Headphones,Electronics,,,,,True,5,99.99,no,Credit Card,,Emily Brown,2018-11-12,Phoenix,2017-09-20,C,5
2022-2-10,trx-829636044588,85518,Alexander,Davis,alexander.davis@yahoo.com(,8.0,4.0,4,Headphones,Electronics,,,,,,3,99.99,no,Cash,,Olivia Davis,2019-12-8,Houston,2016-11-05,D,5
2022-1-27,trx-811647663333,85560,Emma,Johnson,emma.johnson@outlook.com>,9.0,6.0,11,TV,Electronics,,,,,,9,899.99,no,Cash,,Daniel Martinez,2019-7-19,Oklahoma,2016-09-20,A,5
2022-6-19,trx-458330253016,85556,William,Smith,william.smith@outlook.com',9.0,1.0,9,Boots,Footwear,,,,,True,1,129.99,no,Cash,,Daniel Martinez,2019-7-19,New York,2017-01-15,A,5
2023-5-4,trx-647901555742,85517,Mia,Jones,mia.jones@outlook.com^,7.0,5.0,12,Monitor,Electronics,,,,,,5,299.99,no,Credit Card,,Christopher Miller,2018-7-5,Phoenix,2017-09-20,C,5
2022-8-23,trx-172977159864,85539,Sophia,Miller,sophia.miller@gmail.com[,8.0,5.0,22,Coffee Maker,Appliances,,,,,,6,79.99,no,Credit Card,,Olivia Davis,2019-12-8,Phoenix,2017-09-20,C,5
2022-5-5,trx-894864337658,85517,Mia,Jones,mia.jones@outlook.com|,4.0,1.0,25,Washing Machine,Appliances,,,,,,7,499.99,no,Credit Card,,Emily Brown,2018-11-12,New York,2017-01-15,A,5
2023-10-17,trx-839963249921,85535,Olivia,Johnson,olivia.johnson@yahoo.com$u,1.0,3.0,11,TV,Electronics,,,True,,,5,899.99,no,Cash,,John Doe,2020-6-10,Chicago,2015-03-10,A,5
2023-11-1,trx-819202534648,85497,Michael,Williams,michael.williams@yahoo.com:,5.0,2.0,27,Iron,Appliances,,,,True,,8,29.99,no,Cash,,David Wilson,2020-6-23,Los Angeles,2016-07-28,B,5
2022-11-6,trx-771551367059,85468,William,Moore,william.moore@outlook.com^,2.0,6.0,18,Boots,Footwear,,,,,,2,149.99,no,Credit Card,,Jane Smith,2021-6-8,Oklahoma,2016-09-20,A,5
2023-5-27,trx-672942070602,85505,Sophia,Taylor,sophia.taylor@yahoo.com^,1.0,2.0,17,Blouse,Clothing,,,,,,3,29.99,no,Cash,,John Doe,2020-6-10,Los Angeles,2016-07-28,B,5
2023-7-22,trx-803459206686,85535,Olivia,Johnson,"olivia.johnson@yahoo.com""",4.0,6.0,28,Hair Dryer,Appliances,,,,,,9,19.99,no,Credit Card,,Emily Brown,2018-11-12,Oklahoma,2016-09-20,A,5
2022-9-8,trx-041506976946,85476,Alexander,Taylor,alexander.taylor@yahoo.com*,2.0,3.0,6,Jeans,Clothing,True,,,,,8,49.99,no,Cash,,Jane Smith,2021-6-8,Chicago,2015-03-10,A,5
2023-4-9,trx-037062813717,85478,John,Johnson,john.johnson@hotmail.com|,5.0,4.0,23,Toaster,Appliances,,True,,,,6,39.99,no,Credit Card,,David Wilson,2020-6-23,Houston,2016-11-05,D,5
2022-1-1,trx-187083699080,85544,Ava,Johnson,ava.johnson@gmail.com>,1.0,3.0,2,Smartphone,Electronics,,,,,,9,699.99,no,Credit Card,,John Doe,2020-6-10,Chicago,2015-03-10,A,5
2023-5-12,trx-106827888432,85529,James,Wilson,"james.wilson@hotmail.com""",2.0,5.0,3,Tablet,Electronics,True,,,,,6,299.99,no,Cash,,Jane Smith,2021-6-8,Phoenix,2017-09-20,C,5
2023-10-5,trx-413710748376,85535,Olivia,Johnson,olivia.johnson@yahoo.com:,6.0,6.0,6,Jeans,Clothing,,,,,,5,49.99,no,Credit Card,,Emma Taylor,2018-8-9,Oklahoma,2016-09-20,A,5
2023-4-18,trx-529519358735,85464,Emma,Williams,emma.williams@hotmail.com%x,9.0,5.0,25,Washing Machine,Appliances,,,,,,5,499.99,no,Credit Card,,Daniel Martinez,2019-7-19,Phoenix,2017-09-20,C,5
2023-3-17,trx-110821154000,85553,John,Moore,john.moore@outlook.com}4,6.0,1.0,11,TV,Electronics,,,,,True,7,899.99,no,Cash,,Emma Taylor,2018-8-9,New York,2017-01-15,A,5
2022-5-28,trx-380914354271,85514,Ava,Davis,ava.davis@hotmail.comm,5.0,4.0,15,Hoodie,Clothing,,,,,,10,29.99,no,Cash,,David Wilson,2020-6-23,Houston,2016-11-05,D,5
2023-6-20,trx-427903706940,85474,Sophia,Davis,sophia.davis@gmail.com>,3.0,5.0,10,Sandals,Footwear,,,True,,,8,39.99,no,Credit Card,,Michael Johnson,2019-7-22,Phoenix,2017-09-20,C,5
2023-9-26,trx-716135133849,85492,Michael,Miller,michael.miller@gmail.comm,9.0,2.0,9,Boots,Footwear,,,,,,10,129.99,no,Credit Card,,Daniel Martinez,2019-7-19,Los Angeles,2016-07-28,B,5
2022-4-19,trx-631458101591,85470,Sophia,Smith,sophia.smith@yahoo.com^,11.0,1.0,5,T-Shirt,Clothing,,True,,,,2,19.99,no,Credit Card,,john wick,2018-7-10,New York,2017-01-15,A,5
2023-6-8,trx-442119416703,85502,Ava,Wilson,ava.wilson@hotmail.com}4,4.0,2.0,1,Laptop,Electronics,,,,,,7,999.99,no,Credit Card,,Emily Brown,2018-11-12,Los Angeles,2016-07-28,B,5
2023-2-9,trx-394971440004,85503,Alexander,Miller,alexander.miller@outlook.com>,8.0,4.0,20,Heels,Footwear,,,,,,7,59.99,no,Cash,,Olivia Davis,2019-12-8,Houston,2016-11-05,D,5
2023-11-2,trx-762141218925,85523,Sophia,Smith,sophia.smith@hotmail.com:,10.0,4.0,14,Camera,Electronics,,,,,,4,399.99,no,Cash,,Sophia Moore,2019-11-10,Houston,2016-11-05,D,5
2023-12-6,trx-469541363043,85499,Olivia,Wilson,olivia.wilson@gmail.com]x,9.0,5.0,17,Blouse,Clothing,,,,,,10,29.99,no,Cash,,Daniel Martinez,2019-7-19,Phoenix,2017-09-20,C,5
2023-10-27,trx-148521824673,85470,Sophia,Smith,"sophia.smith@yahoo.com""",10.0,6.0,22,Coffee Maker,Appliances,,,True,,,7,79.99,no,Credit Card,,Sophia Moore,2019-11-10,Oklahoma,2016-09-20,A,5
2023-3-11,trx-457186096933,85552,John,Wilson,john.wilson@yahoo.com%x,6.0,3.0,18,Boots,Footwear,,,,,,2,149.99,no,Cash,,Emma Taylor,2018-8-9,Chicago,2015-03-10,A,5
2022-3-12,trx-274406918437,85506,Sophia,Wilson,sophia.wilson@hotmail.comm,8.0,4.0,22,Coffee Maker,Appliances,,,,True,,7,79.99,no,Credit Card,,Olivia Davis,2019-12-8,Houston,2016-11-05,D,5
2023-4-22,trx-654778753074,85520,Michael,Williams,michael.williams@yahoo.com]x,10.0,4.0,5,T-Shirt,Clothing,,,,,,9,19.99,no,Cash,,Sophia Moore,2019-11-10,Houston,2016-11-05,D,5
2023-9-8,trx-015080176333,85543,James,Williams,james.williams@gmail.com%x,7.0,1.0,1,Laptop,Electronics,,,,,,7,999.99,no,Cash,,Christopher Miller,2018-7-5,New York,2017-01-15,A,5
2022-8-15,trx-147437197548,85562,John,Davis,john.davis@gmail.com\,2.0,3.0,28,Hair Dryer,Appliances,,,,,True,1,19.99,no,Credit Card,,Jane Smith,2021-6-8,Chicago,2015-03-10,A,5
2022-6-1,trx-647574995539,85473,Alexander,Moore,alexander.moore@gmail.com]x,9.0,5.0,10,Sandals,Footwear,,,,,,10,39.99,no,Credit Card,,Daniel Martinez,2019-7-19,Phoenix,2017-09-20,C,5
2023-3-4,trx-138994077169,85529,James,Wilson,james.wilson@hotmail.com:,7.0,1.0,20,Heels,Footwear,,,,True,,7,59.99,no,Cash,,Christopher Miller,2018-7-5,New York,2017-01-15,A,5
2022-10-10,trx-174263269259,85492,Michael,Miller,michael.miller@gmail.com<,11.0,5.0,5,T-Shirt,Clothing,,,,,,2,19.99,no,Credit Card,,john wick,2018-7-10,Phoenix,2017-09-20,C,5
2022-9-18,trx-516920145836,85520,Michael,Williams,michael.williams@yahoo.com[,11.0,6.0,8,Sneakers,Footwear,True,,,,,8,79.99,no,Credit Card,,john wick,2018-7-10,Oklahoma,2016-09-20,A,5
2023-5-1,trx-722319749270,85462,James,Wilson,james.wilson@outlook.com<,4.0,4.0,26,Vacuum Cleaner,Appliances,,,,True,,7,199.99,no,Credit Card,,Emily Brown,2018-11-12,Houston,2016-11-05,D,5
2022-9-16,trx-672225459472,85548,Mia,Johnson,mia.johnson@hotmail.com[,5.0,1.0,2,Smartphone,Electronics,,,,True,,4,699.99,no,Credit Card,,David Wilson,2020-6-23,New York,2017-01-15,A,5
2023-6-19,trx-514037530903,85523,Sophia,Smith,sophia.smith@hotmail.com|,4.0,2.0,4,Headphones,Electronics,,,,,,10,99.99,no,Credit Card,,Emily Brown,2018-11-12,Los Angeles,2016-07-28,B,5
2022-4-8,trx-970530905046,85482,Emma,Moore,emma.moore@gmail.com^,10.0,3.0,13,Printer,Electronics,,,,True,,2,149.99,no,Credit Card,,Sophia Moore,2019-11-10,Chicago,2015-03-10,A,5
2023-8-12,trx-766941146757,85483,Emma,Miller,emma.miller@hotmail.com*,11.0,2.0,3,Tablet,Electronics,,,,,,8,299.99,no,Cash,,john wick,2018-7-10,Los Angeles,2016-07-28,B,5
2023-10-6,trx-666885126418,85544,Ava,Johnson,ava.johnson@gmail.com/,10.0,2.0,19,Sandals,Footwear,,,,True,,6,29.99,no,Cash,,Sophia Moore,2019-11-10,Los Angeles,2016-07-28,B,5
2022-2-10,trx-247170762661,85517,Mia,Jones,mia.jones@outlook.com;,7.0,1.0,5,T-Shirt,Clothing,,,,,,6,19.99,no,Cash,,Christopher Miller,2018-7-5,New York,2017-01-15,A,5
2023-6-12,trx-684235905501,85475,Alexander,Moore,alexander.moore@gmail.com{,11.0,2.0,8,Sneakers,Footwear,,,True,,,9,79.99,no,Cash,,john wick,2018-7-10,Los Angeles,2016-07-28,B,5
2022-2-17,trx-525118758482,85483,Emma,Miller,emma.miller@hotmail.com ,6.0,2.0,7,Dress,Clothing,,,,True,,10,59.99,no,Credit Card,,Emma Taylor,2018-8-9,Los Angeles,2016-07-28,B,5
2023-10-25,trx-342383533932,85547,Emma,Miller,emma.miller@gmail.com{,8.0,4.0,25,Washing Machine,Appliances,,,,,,9,499.99,no,Credit Card,,Olivia Davis,2019-12-8,Houston,2016-11-05,D,5
2022-11-3,trx-424900252757,85485,James,Johnson,"james.johnson@hotmail.com""",2.0,4.0,10,Sandals,Footwear,,,,,,4,39.99,no,Credit Card,,Jane Smith,2021-6-8,Houston,2016-11-05,D,5
2023-1-5,trx-640038650898,85534,Emma,Davis,emma.davis@gmail.com%x,2.0,6.0,23,Toaster,Appliances,,,,,,5,39.99,no,Cash,,Jane Smith,2021-6-8,Oklahoma,2016-09-20,A,5
2022-2-17,trx-893130269012,85531,Sophia,Taylor,sophia.taylor@hotmail.comm,8.0,1.0,12,Monitor,Electronics,,,,,,10,299.99,no,Cash,,Olivia Davis,2019-12-8,New York,2017-01-15,A,5
2023-11-3,trx-396910921901,85496,Alexander,Moore,alexander.moore@hotmail.com*,7.0,5.0,20,Heels,Footwear,,,,True,,2,59.99,no,Cash,,Christopher Miller,2018-7-5,Phoenix,2017-09-20,C,5
2022-4-13,trx-394969637505,85562,John,Davis,john.davis@gmail.com|,5.0,2.0,27,Iron,Appliances,,True,,,,3,29.99,no,Cash,,David Wilson,2020-6-23,Los Angeles,2016-07-28,B,5
2023-10-24,trx-653124452027,85462,James,Wilson,james.wilson@outlook.com|,3.0,5.0,2,Smartphone,Electronics,,,,,,2,699.99,no,Cash,,Michael Johnson,2019-7-22,Phoenix,2017-09-20,C,5
2023-6-22,trx-852626937339,85478,John,Johnson,john.johnson@hotmail.com[,5.0,1.0,3,Tablet,Electronics,,,True,,,8,299.99,no,Credit Card,,David Wilson,2020-6-23,New York,2017-01-15,A,5
2023-10-17,trx-346585040044,85561,Olivia,Moore,olivia.moore@hotmail.com$u,8.0,5.0,20,Heels,Footwear,,,True,,,4,59.99,no,Credit Card,,Olivia Davis,2019-12-8,Phoenix,2017-09-20,C,5
2022-5-20,trx-449424188185,85473,Alexander,Moore,alexander.moore@gmail.com}4,2.0,6.0,15,Hoodie,Clothing,,,,,,9,29.99,no,Cash,,Jane Smith,2021-6-8,Oklahoma,2016-09-20,A,5
2022-5-17,trx-282758603661,85491,John,Taylor,john.taylor@outlook.com#4r,4.0,5.0,27,Iron,Appliances,,,,True,,7,29.99,no,Credit Card,,Emily Brown,2018-11-12,Phoenix,2017-09-20,C,5
2022-7-24,trx-790260862133,85469,James,Smith,"james.smith@hotmail.com""",9.0,3.0,14,Camera,Electronics,,,,,,7,399.99,no,Credit Card,,Daniel Martinez,2019-7-19,Chicago,2015-03-10,A,5
2022-10-21,trx-628272183607,85540,Sophia,Jones,sophia.jones@hotmail.com ,2.0,1.0,2,Smartphone,Electronics,,,True,,,8,699.99,no,Credit Card,,Jane Smith,2021-6-8,New York,2017-01-15,A,5
2022-4-8,trx-279452167050,85535,Olivia,Johnson,olivia.johnson@yahoo.com|,11.0,6.0,8,Sneakers,Footwear,,,,,,1,79.99,no,Credit Card,,john wick,2018-7-10,Oklahoma,2016-09-20,A,5
2022-7-24,trx-232568216293,85554,Ava,Wilson,ava.wilson@outlook.com',2.0,1.0,13,Printer,Electronics,,,True,,,4,149.99,no,Credit Card,,Jane Smith,2021-6-8,New York,2017-01-15,A,5
2023-9-18,trx-934005354061,85556,William,Smith,"william.smith@outlook.com""",2.0,5.0,1,Laptop,Electronics,,,,,,2,999.99,no,Credit Card,,Jane Smith,2021-6-8,Phoenix,2017-09-20,C,5
2023-5-11,trx-554429107568,85539,Sophia,Miller,sophia.miller@gmail.com&,9.0,1.0,23,Toaster,Appliances,,,,,True,6,39.99,no,Credit Card,,Daniel Martinez,2019-7-19,New York,2017-01-15,A,5
2022-9-15,trx-117714693483,85535,Olivia,Johnson,olivia.johnson@yahoo.com|,3.0,6.0,23,Toaster,Appliances,,,,,,9,39.99,no,Credit Card,,Michael Johnson,2019-7-22,Oklahoma,2016-09-20,A,5
2023-6-21,trx-933401718606,85506,Sophia,Wilson,sophia.wilson@hotmail.com$u,4.0,1.0,19,Sandals,Footwear,,True,,,,3,29.99,no,Cash,,Emily Brown,2018-11-12,New York,2017-01-15,A,5
2022-3-17,trx-102355582920,85491,John,Taylor,john.taylor@outlook.com|,11.0,6.0,26,Vacuum Cleaner,Appliances,True,,,,,9,199.99,no,Credit Card,,john wick,2018-7-10,Oklahoma,2016-09-20,A,5
2022-8-4,trx-856610306586,85548,Mia,Johnson,mia.johnson@hotmail.com)x,8.0,2.0,27,Iron,Appliances,,,,,,2,29.99,no,Cash,,Olivia Davis,2019-12-8,Los Angeles,2016-07-28,B,5
2022-5-6,trx-571850914567,85536,Michael,Davis,michael.davis@gmail.com%x,2.0,4.0,20,Heels,Footwear,,,,,,5,59.99,no,Credit Card,,Jane Smith,2021-6-8,Houston,2016-11-05,D,5
2023-10-16,trx-680686838188,85528,John,Taylor,john.taylor@hotmail.com',3.0,1.0,9,Boots,Footwear,,,,,,7,129.99,no,Credit Card,,Michael Johnson,2019-7-22,New York,2017-01-15,A,5
2023-1-5,trx-220685862666,85527,William,Taylor,william.taylor@hotmail.com&,7.0,4.0,1,Laptop,Electronics,,,,,,8,999.99,no,Cash,,Christopher Miller,2018-7-5,Houston,2016-11-05,D,5
2023-3-3,trx-674172243399,85530,Olivia,Moore,olivia.moore@yahoo.com(,6.0,3.0,25,Washing Machine,Appliances,,,,True,,6,499.99,no,Credit Card,,Emma Taylor,2018-8-9,Chicago,2015-03-10,A,5
2022-8-8,trx-024648792611,85466,James,Williams,james.williams@yahoo.com>,3.0,6.0,26,Vacuum Cleaner,Appliances,,,True,,,1,199.99,no,Cash,,Michael Johnson,2019-7-22,Oklahoma,2016-09-20,A,5
2022-6-23,trx-311886734689,85542,Alexander,Smith,alexander.smith@yahoo.com>,11.0,3.0,5,T-Shirt,Clothing,,,,,,4,19.99,no,Cash,,john wick,2018-7-10,Chicago,2015-03-10,A,5
2023-7-20,trx-515085268739,85511,Olivia,Davis,olivia.davis@outlook.com',2.0,2.0,6,Jeans,Clothing,,,True,,,1,49.99,no,Credit Card,,Jane Smith,2021-6-8,Los Angeles,2016-07-28,B,5
2023-7-14,trx-393639261525,85464,Emma,Williams,emma.williams@hotmail.com#4r,1.0,3.0,30,Electric Kettle,Appliances,,,,,,6,24.99,no,Cash,,John Doe,2020-6-10,Chicago,2015-03-10,A,5
2023-2-3,trx-021200276755,85509,Ava,Taylor,ava.taylor@hotmail.com\,1.0,5.0,12,Monitor,Electronics,,,,,,7,299.99,no,Credit Card,,John Doe,2020-6-10,Phoenix,2017-09-20,C,5
2022-9-3,trx-119676720275,85549,John,Williams,john.williams@hotmail.com:,4.0,2.0,16,Skirt,Clothing,,,,,,1,39.99,no,Credit Card,,Emily Brown,2018-11-12,Los Angeles,2016-07-28,B,5
2023-11-15,trx-593830334564,85471,Olivia,Wilson,olivia.wilson@outlook.com^,4.0,4.0,27,Iron,Appliances,,,,,True,1,29.99,no,Cash,,Emily Brown,2018-11-12,Houston,2016-11-05,D,5
2023-10-7,trx-536841806977,85542,Alexander,Smith,alexander.smith@yahoo.com)x,5.0,3.0,7,Dress,Clothing,,,True,,,5,59.99,no,Cash,,David Wilson,2020-6-23,Chicago,2015-03-10,A,5
2023-12-3,trx-639860002559,85525,Emma,Wilson,emma.wilson@yahoo.com[,10.0,5.0,28,Hair Dryer,Appliances,,,,,,1,19.99,no,Cash,,Sophia Moore,2019-11-10,Phoenix,2017-09-20,C,5
2022-3-28,trx-542977565919,85522,Emma,Jones,emma.jones@hotmail.com[,3.0,6.0,3,Tablet,Electronics,True,,,,,4,299.99,no,Cash,,Michael Johnson,2019-7-22,Oklahoma,2016-09-20,A,5
2022-1-13,trx-830413197913,85543,James,Williams,james.williams@gmail.com<,10.0,3.0,6,Jeans,Clothing,,True,,,,7,49.99,no,Cash,,Sophia Moore,2019-11-10,Chicago,2015-03-10,A,5
2022-1-12,trx-894861474715,85462,James,Wilson,james.wilson@outlook.com<,8.0,5.0,4,Headphones,Electronics,,True,,,,2,99.99,no,Cash,,Olivia Davis,2019-12-8,Phoenix,2017-09-20,C,5
2023-4-28,trx-078865172230,85518,Alexander,Davis,alexander.davis@yahoo.com^,8.0,3.0,21,Microwave,Appliances,,,,,,10,129.99,no,Cash,,Olivia Davis,2019-12-8,Chicago,2015-03-10,A,5
2022-5-14,trx-350034411234,85507,Olivia,Smith,olivia.smith@hotmail.comm,2.0,1.0,24,Blender,Appliances,,,,True,,9,49.99,no,Credit Card,,Jane Smith,2021-6-8,New York,2017-01-15,A,5
2023-11-19,trx-019070628011,85477,John,Jones,john.jones@gmail.com<,1.0,2.0,3,Tablet,Electronics,,,,True,,10,299.99,no,Cash,,John Doe,2020-6-10,Los Angeles,2016-07-28,B,5
2023-5-7,trx-783994578788,85484,James,Taylor,james.taylor@yahoo.com/,5.0,3.0,13,Printer,Electronics,,,True,,,6,149.99,no,Cash,,David Wilson,2020-6-23,Chicago,2015-03-10,A,5
2022-8-21,trx-626614055579,85549,John,Williams,john.williams@hotmail.comm,2.0,4.0,6,Jeans,Clothing,,,,,,3,49.99,no,Credit Card,,Jane Smith,2021-6-8,Houston,2016-11-05,D,5
2023-5-3,trx-888117401025,85553,John,Moore,john.moore@outlook.com;,8.0,6.0,4,Headphones,Electronics,True,,,,,7,99.99,no,Cash,,Olivia Davis,2019-12-8,Oklahoma,2016-09-20,A,5
2023-3-1,trx-091513204550,85496,Alexander,Moore,alexander.moore@hotmail.com|,5.0,6.0,6,Jeans,Clothing,,,,,,6,49.99,no,Credit Card,,David Wilson,2020-6-23,Oklahoma,2016-09-20,A,5
2022-5-12,trx-826620115764,85555,James,Smith,james.smith@yahoo.com]x,5.0,3.0,1,Laptop,Electronics,,,,,,1,999.99,no,Cash,,David Wilson,2020-6-23,Chicago,2015-03-10,A,5
2023-12-1,trx-361043709880,85499,Olivia,Wilson,"olivia.wilson@gmail.com""",7.0,2.0,8,Sneakers,Footwear,,,,,,8,79.99,no,Cash,,Christopher Miller,2018-7-5,Los Angeles,2016-07-28,B,5
2022-6-18,trx-542598610318,85499,Olivia,Wilson,"olivia.wilson@gmail.com""",2.0,5.0,14,Camera,Electronics,,,,,,9,399.99,no,Credit Card,,Jane Smith,2021-6-8,Phoenix,2017-09-20,C,5
2023-3-11,trx-384542948443,85476,Alexander,Taylor,alexander.taylor@yahoo.com)x,1.0,1.0,24,Blender,Appliances,,,,,,7,49.99,no,Cash,,John Doe,2020-6-10,New York,2017-01-15,A,5
2023-9-9,trx-810584972285,85508,Ava,Smith,ava.smith@gmail.com*,9.0,3.0,19,Sandals,Footwear,,,,,,2,29.99,no,Cash,,Daniel Martinez,2019-7-19,Chicago,2015-03-10,A,5
2023-12-15,trx-194980178344,85541,John,Brown,john.brown@hotmail.com%x,10.0,2.0,27,Iron,Appliances,,True,,,,8,29.99,no,Credit Card,,Sophia Moore,2019-11-10,Los Angeles,2016-07-28,B,5
2023-9-9,trx-557801617698,85471,Olivia,Wilson,olivia.wilson@outlook.com ,11.0,2.0,29,Hair Straightener,Appliances,,,,,,4,39.99,no,Credit Card,,john wick,2018-7-10,Los Angeles,2016-07-28,B,5
2022-7-12,trx-600980278679,85555,James,Smith,james.smith@yahoo.com:,11.0,4.0,7,Dress,Clothing,,,,,,3,59.99,no,Credit Card,,john wick,2018-7-10,Houston,2016-11-05,D,5
2023-8-25,trx-799590506103,85510,Mia,Davis,mia.davis@hotmail.com}4,5.0,4.0,2,Smartphone,Electronics,,,,,,8,699.99,no,Credit Card,,David Wilson,2020-6-23,Houston,2016-11-05,D,5
2022-6-22,trx-160500644209,85532,James,Wilson,james.wilson@outlook.com/,9.0,5.0,27,Iron,Appliances,,,,,,1,29.99,no,Cash,,Daniel Martinez,2019-7-19,Phoenix,2017-09-20,C,5
2023-9-8,trx-128448926653,85556,William,Smith,william.smith@outlook.com&,3.0,6.0,19,Sandals,Footwear,,,,,,2,29.99,no,Credit Card,,Michael Johnson,2019-7-22,Oklahoma,2016-09-20,A,5
2022-9-4,trx-640692216639,85464,Emma,Williams,emma.williams@hotmail.com ,4.0,6.0,26,Vacuum Cleaner,Appliances,,,,,True,2,199.99,no,Cash,,Emily Brown,2018-11-12,Oklahoma,2016-09-20,A,5
2023-7-28,trx-297031175630,85462,James,Wilson,james.wilson@outlook.com(,6.0,5.0,13,Printer,Electronics,,,,,,6,149.99,no,Cash,,Emma Taylor,2018-8-9,Phoenix,2017-09-20,C,5
2023-8-21,trx-121025966556,85539,Sophia,Miller,sophia.miller@gmail.com\,2.0,3.0,19,Sandals,Footwear,,,True,,,4,29.99,no,Credit Card,,Jane Smith,2021-6-8,Chicago,2015-03-10,A,5
2022-9-9,trx-477178715479,85511,Olivia,Davis,"olivia.davis@outlook.com""",9.0,6.0,8,Sneakers,Footwear,,,True,,,5,79.99,no,Credit Card,,Daniel Martinez,2019-7-19,Oklahoma,2016-09-20,A,5
2022-9-20,trx-033459107206,85470,Sophia,Smith,sophia.smith@yahoo.comm,6.0,6.0,12,Monitor,Electronics,,,,,True,3,299.99,no,Credit Card,,Emma Taylor,2018-8-9,Oklahoma,2016-09-20,A,5
2023-2-21,trx-914561714696,85527,William,Taylor,william.taylor@hotmail.com',10.0,6.0,9,Boots,Footwear,,,,,True,8,129.99,no,Credit Card,,Sophia Moore,2019-11-10,Oklahoma,2016-09-20,A,5
2022-10-5,trx-422435242873,85512,James,Wilson,james.wilson@yahoo.com(,3.0,3.0,7,Dress,Clothing,,,,,True,10,59.99,no,Cash,,Michael Johnson,2019-7-22,Chicago,2015-03-10,A,5
2022-7-11,trx-079555758819,85543,James,Williams,james.williams@gmail.com:,7.0,4.0,26,Vacuum Cleaner,Appliances,,,,,,10,199.99,no,Cash,,Christopher Miller,2018-7-5,Houston,2016-11-05,D,5
2023-8-10,trx-065427292093,85464,Emma,Williams,emma.williams@hotmail.com[,6.0,3.0,25,Washing Machine,Appliances,,,True,,,3,499.99,no,Credit Card,,Emma Taylor,2018-8-9,Chicago,2015-03-10,A,5
2023-4-19,trx-008487968031,85561,Olivia,Moore,olivia.moore@hotmail.comm,9.0,1.0,20,Heels,Footwear,,,,,,10,59.99,no,Credit Card,,Daniel Martinez,2019-7-19,New York,2017-01-15,A,5
2023-5-22,trx-657793155162,85507,Olivia,Smith,olivia.smith@hotmail.com&,8.0,4.0,30,Electric Kettle,Appliances,,,,,,8,24.99,no,Cash,,Olivia Davis,2019-12-8,Houston,2016-11-05,D,5
2022-11-26,trx-033452464944,85533,Ava,Johnson,ava.johnson@hotmail.com|,2.0,5.0,22,Coffee Maker,Appliances,,,,,,3,79.99,no,Cash,,Jane Smith,2021-6-8,Phoenix,2017-09-20,C,5
2022-9-13,trx-117589734575,85523,Sophia,Smith,sophia.smith@hotmail.com$u,7.0,5.0,15,Hoodie,Clothing,,,,,,8,29.99,no,Credit Card,,Christopher Miller,2018-7-5,Phoenix,2017-09-20,C,5
2023-2-13,trx-096862996503,85504,Sophia,Wilson,sophia.wilson@hotmail.com;,1.0,2.0,23,Toaster,Appliances,,,True,,,7,39.99,no,Cash,,John Doe,2020-6-10,Los Angeles,2016-07-28,B,5
2022-6-20,trx-361654661874,85517,Mia,Jones,mia.jones@outlook.com ,9.0,3.0,9,Boots,Footwear,True,,,,,8,129.99,no,Credit Card,,Daniel Martinez,2019-7-19,Chicago,2015-03-10,A,5
2023-8-28,trx-689539126562,85559,Olivia,Moore,olivia.moore@gmail.com#4r,7.0,4.0,1,Laptop,Electronics,True,,,,,8,999.99,no,Cash,,Christopher Miller,2018-7-5,Houston,2016-11-05,D,5
2023-9-2,trx-081898078859,85499,Olivia,Wilson,olivia.wilson@gmail.com\,9.0,5.0,6,Jeans,Clothing,,,True,,,5,49.99,no,Credit Card,,Daniel Martinez,2019-7-19,Phoenix,2017-09-20,C,5
2022-1-8,trx-614735644800,85553,John,Moore,john.moore@outlook.com<,8.0,6.0,13,Printer,Electronics,,True,,,,9,149.99,no,Credit Card,,Olivia Davis,2019-12-8,Oklahoma,2016-09-20,A,5
2022-8-2,trx-894570630630,85555,James,Smith,james.smith@yahoo.com#4r,11.0,3.0,13,Printer,Electronics,,,,,,5,149.99,no,Credit Card,,john wick,2018-7-10,Chicago,2015-03-10,A,5
2023-2-2,trx-957357071340,85500,John,Davis,john.davis@yahoo.com:,3.0,4.0,3,Tablet,Electronics,,True,,,,4,299.99,no,Credit Card,,Michael Johnson,2019-7-22,Houston,2016-11-05,D,5
2022-7-19,trx-826465422913,85502,Ava,Wilson,ava.wilson@hotmail.com)x,10.0,4.0,25,Washing Machine,Appliances,,True,,,,1,499.99,no,Cash,,Sophia Moore,2019-11-10,Houston,2016-11-05,D,5
2022-2-27,trx-436272568150,85509,Ava,Taylor,ava.taylor@hotmail.com{,9.0,6.0,1,Laptop,Electronics,,True,,,,3,999.99,no,Cash,,Daniel Martinez,2019-7-19,Oklahoma,2016-09-20,A,5
2023-7-2,trx-559817106040,85551,William,Davis,william.davis@hotmail.com:,7.0,6.0,30,Electric Kettle,Appliances,,True,,,,5,24.99,no,Cash,,Christopher Miller,2018-7-5,Oklahoma,2016-09-20,A,5
2023-11-12,trx-957048809320,85534,Emma,Davis,emma.davis@gmail.com/,5.0,6.0,15,Hoodie,Clothing,,,True,,,1,29.99,no,Cash,,David Wilson,2020-6-23,Oklahoma,2016-09-20,A,5
2022-8-2,trx-012118803897,85532,James,Wilson,james.wilson@outlook.com|,4.0,4.0,10,Sandals,Footwear,,,,,True,6,39.99,no,Cash,,Emily Brown,2018-11-12,Houston,2016-11-05,D,5
2023-12-28,trx-245886019910,85526,Olivia,Moore,olivia.moore@hotmail.com$u,9.0,1.0,18,Boots,Footwear,,,,,,10,149.99,no,Credit Card,,Daniel Martinez,2019-7-19,New York,2017-01-15,A,5
2023-4-25,trx-785991937676,85462,James,Wilson,james.wilson@outlook.com*,2.0,3.0,10,Sandals,Footwear,,,,,,2,39.99,no,Cash,,Jane Smith,2021-6-8,Chicago,2015-03-10,A,5
2022-6-17,trx-924602595314,85549,John,Williams,john.williams@hotmail.comm,9.0,1.0,16,Skirt,Clothing,,,,,,7,39.99,no,Cash,,Daniel Martinez,2019-7-19,New York,2017-01-15,A,5
2023-11-8,trx-662757884717,85539,Sophia,Miller,"sophia.miller@gmail.com""",6.0,5.0,30,Electric Kettle,Appliances,,,,,,2,24.99,no,Cash,,Emma Taylor,2018-8-9,Phoenix,2017-09-20,C,5
2022-9-19,trx-047671578317,85527,William,Taylor,william.taylor@hotmail.com)x,6.0,6.0,30,Electric Kettle,Appliances,,,,,True,10,24.99,no,Cash,,Emma Taylor,2018-8-9,Oklahoma,2016-09-20,A,5
2022-5-18,trx-204989117803,85470,Sophia,Smith,sophia.smith@yahoo.com$u,5.0,5.0,30,Electric Kettle,Appliances,,,,,,2,24.99,no,Cash,,David Wilson,2020-6-23,Phoenix,2017-09-20,C,5
2023-9-22,trx-750347565615,85471,Olivia,Wilson,olivia.wilson@outlook.com(,11.0,6.0,19,Sandals,Footwear,,,,,True,2,29.99,no,Credit Card,,john wick,2018-7-10,Oklahoma,2016-09-20,A,5
2023-2-11,trx-176139632416,85557,William,Williams,william.williams@hotmail.com)x,7.0,6.0,3,Tablet,Electronics,,,True,,,9,299.99,no,Credit Card,,Christopher Miller,2018-7-5,Oklahoma,2016-09-20,A,5
2022-1-25,trx-117001418858,85498,Olivia,Davis,olivia.davis@gmail.com|,10.0,3.0,3,Tablet,Electronics,True,,,,,3,299.99,no,Cash,,Sophia Moore,2019-11-10,Chicago,2015-03-10,A,5
2023-8-20,trx-816657037291,85540,Sophia,Jones,sophia.jones@hotmail.com)x,3.0,6.0,29,Hair Straightener,Appliances,,,,,,7,39.99,no,Credit Card,,Michael Johnson,2019-7-22,Oklahoma,2016-09-20,A,5
2022-1-14,trx-774766033601,85509,Ava,Taylor,ava.taylor@hotmail.com&,1.0,4.0,19,Sandals,Footwear,,,,,,10,29.99,no,Credit Card,,John Doe,2020-6-10,Houston,2016-11-05,D,5
2023-1-19,trx-463877994279,85491,John,Taylor,john.taylor@outlook.com[,4.0,2.0,10,Sandals,Footwear,,True,,,,3,39.99,no,Credit Card,,Emily Brown,2018-11-12,Los Angeles,2016-07-28,B,5
2022-12-6,trx-339829687584,85498,Olivia,Davis,olivia.davis@gmail.com;,9.0,6.0,25,Washing Machine,Appliances,,,,,True,10,499.99,no,Credit Card,,Daniel Martinez,2019-7-19,Oklahoma,2016-09-20,A,5
2023-7-19,trx-398291981503,85470,Sophia,Smith,sophia.smith@yahoo.com&,5.0,6.0,14,Camera,Electronics,,,,,,7,399.99,no,Cash,,David Wilson,2020-6-23,Oklahoma,2016-09-20,A,5
2022-11-1,trx-389227642746,85497,Michael,Williams,michael.williams@yahoo.com]x,5.0,3.0,4,Headphones,Electronics,,,True,,,4,99.99,no,Cash,,David Wilson,2020-6-23,Chicago,2015-03-10,A,5
2023-1-2,trx-639164640592,85509,Ava,Taylor,ava.taylor@hotmail.com)x,9.0,6.0,24,Blender,Appliances,True,,,,,8,49.99,no,Cash,,Daniel Martinez,2019-7-19,Oklahoma,2016-09-20,A,5
2022-9-15,trx-010102071851,85474,Sophia,Davis,sophia.davis@gmail.com;,7.0,2.0,15,Hoodie,Clothing,,True,,,,3,29.99,no,Credit Card,,Christopher Miller,2018-7-5,Los Angeles,2016-07-28,B,5
2022-6-5,trx-594578708591,85561,Olivia,Moore,olivia.moore@hotmail.com:,8.0,5.0,9,Boots,Footwear,,True,,,,4,129.99,no,Credit Card,,Olivia Davis,2019-12-8,Phoenix,2017-09-20,C,5
2023-10-28,trx-049968271901,85510,Mia,Davis,mia.davis@hotmail.com}4,10.0,3.0,6,Jeans,Clothing,,,,,,6,49.99,no,Credit Card,,Sophia Moore,2019-11-10,Chicago,2015-03-10,A,5
2022-12-11,trx-017351509271,85538,Emma,Davis,emma.davis@gmail.com^,7.0,5.0,12,Monitor,Electronics,,,,,True,4,299.99,no,Credit Card,,Christopher Miller,2018-7-5,Phoenix,2017-09-20,C,5
2023-2-13,trx-667763344177,85506,Sophia,Wilson,sophia.wilson@hotmail.com{,8.0,3.0,8,Sneakers,Footwear,,,,,,4,79.99,no,Credit Card,,Olivia Davis,2019-12-8,Chicago,2015-03-10,A,5
2022-2-23,trx-177623682244,85503,Alexander,Miller,alexander.miller@outlook.com)x,3.0,2.0,16,Skirt,Clothing,,True,,,,2,39.99,no,Credit Card,,Michael Johnson,2019-7-22,Los Angeles,2016-07-28,B,5
2022-2-17,trx-727096789100,85513,James,Williams,james.williams@hotmail.com*,1.0,3.0,1,Laptop,Electronics,,,,,,2,999.99,no,Credit Card,,John Doe,2020-6-10,Chicago,2015-03-10,A,5
2022-3-22,trx-567348550836,85554,Ava,Wilson,ava.wilson@outlook.com:,10.0,3.0,9,Boots,Footwear,,,,,,5,129.99,no,Credit Card,,Sophia Moore,2019-11-10,Chicago,2015-03-10,A,5
2023-3-16,trx-523506692942,85495,Michael,Johnson,michael.johnson@gmail.com&,10.0,2.0,7,Dress,Clothing,,,,,,2,59.99,no,Credit Card,,Sophia Moore,2019-11-10,Los Angeles,2016-07-28,B,5
2022-1-21,trx-681588654599,85491,John,Taylor,john.taylor@outlook.com$u,6.0,1.0,12,Monitor,Electronics,True,,,,,10,299.99,no,Credit Card,,Emma Taylor,2018-8-9,New York,2017-01-15,A,5
2022-1-13,trx-737663094452,85534,Emma,Davis,emma.davis@gmail.com\,10.0,1.0,9,Boots,Footwear,,True,,,,6,129.99,no,Cash,,Sophia Moore,2019-11-10,New York,2017-01-15,A,5
2023-11-11,trx-240232203976,85512,James,Wilson,james.wilson@yahoo.comm,3.0,4.0,27,Iron,Appliances,,,,,True,5,29.99,no,Cash,,Michael Johnson,2019-7-22,Houston,2016-11-05,D,5
2022-4-3,trx-605834914270,85553,John,Moore,john.moore@outlook.com:,2.0,5.0,21,Microwave,Appliances,,,,,,3,129.99,no,Credit Card,,Jane Smith,2021-6-8,Phoenix,2017-09-20,C,5
2023-9-9,trx-670217434154,85542,Alexander,Smith,alexander.smith@yahoo.com{,2.0,1.0,10,Sandals,Footwear,,,,,True,6,39.99,no,Credit Card,,Jane Smith,2021-6-8,New York,2017-01-15,A,5
2022-3-18,trx-895594852249,85462,James,Wilson,james.wilson@outlook.com(,2.0,4.0,15,Hoodie,Clothing,,,,,True,8,29.99,no,Credit Card,,Jane Smith,2021-6-8,Houston,2016-11-05,D,5
2022-8-7,trx-352483228021,85521,Olivia,Wilson,"olivia.wilson@gmail.com""",1.0,4.0,20,Heels,Footwear,,,,,,1,59.99,no,Cash,,John Doe,2020-6-10,Houston,2016-11-05,D,5
2022-11-12,trx-178910398632,85503,Alexander,Miller,alexander.miller@outlook.com#4r,4.0,1.0,1,Laptop,Electronics,,,,,True,7,999.99,no,Cash,,Emily Brown,2018-11-12,New York,2017-01-15,A,5
2022-2-26,trx-703436101369,85537,Ava,Miller,ava.miller@yahoo.com<,11.0,1.0,8,Sneakers,Footwear,,,,,,1,79.99,no,Credit Card,,john wick,2018-7-10,New York,2017-01-15,A,5
2023-9-24,trx-569136823074,85537,Ava,Miller,ava.miller@yahoo.com)x,6.0,2.0,18,Boots,Footwear,,True,,,,3,149.99,no,Credit Card,,Emma Taylor,2018-8-9,Los Angeles,2016-07-28,B,5
2023-10-6,trx-681231997322,85477,John,Jones,john.jones@gmail.com',3.0,1.0,29,Hair Straightener,Appliances,,,,True,,4,39.99,no,Credit Card,,Michael Johnson,2019-7-22,New York,2017-01-15,A,5
2023-4-9,trx-332896634245,85558,Emma,Moore,emma.moore@hotmail.com]x,10.0,4.0,5,T-Shirt,Clothing,True,,,,,6,19.99,no,Credit Card,,Sophia Moore,2019-11-10,Houston,2016-11-05,D,5
2023-4-11,trx-476893155026,85481,Emma,Wilson,emma.wilson@yahoo.com$u,1.0,2.0,10,Sandals,Footwear,,,,,,3,39.99,no,Cash,,John Doe,2020-6-10,Los Angeles,2016-07-28,B,5
2023-6-12,trx-606028413523,85474,Sophia,Davis,sophia.davis@gmail.com#4r,9.0,5.0,12,Monitor,Electronics,,,,,,7,299.99,no,Cash,,Daniel Martinez,2019-7-19,Phoenix,2017-09-20,C,5
2023-10-27,trx-620145449631,85505,Sophia,Taylor,sophia.taylor@yahoo.com#4r,9.0,4.0,17,Blouse,Clothing,,,,True,,8,29.99,no,Credit Card,,Daniel Martinez,2019-7-19,Houston,2016-11-05,D,5
2022-8-16,trx-124919144677,85526,Olivia,Moore,olivia.moore@hotmail.com^,8.0,3.0,4,Headphones,Electronics,,True,,,,9,99.99,no,Credit Card,,Olivia Davis,2019-12-8,Chicago,2015-03-10,A,5
2023-3-28,trx-521950787100,85511,Olivia,Davis,olivia.davis@outlook.com{,10.0,1.0,29,Hair Straightener,Appliances,,,,True,,10,39.99,no,Credit Card,,Sophia Moore,2019-11-10,New York,2017-01-15,A,5
2023-4-20,trx-492250987973,85558,Emma,Moore,emma.moore@hotmail.comm,2.0,1.0,27,Iron,Appliances,,,,,,2,29.99,no,Credit Card,,Jane Smith,2021-6-8,New York,2017-01-15,A,5
2023-8-12,trx-926677977755,85528,John,Taylor,john.taylor@hotmail.com\,6.0,5.0,26,Vacuum Cleaner,Appliances,,,,,True,10,199.99,no,Cash,,Emma Taylor,2018-8-9,Phoenix,2017-09-20,C,5
2022-4-24,trx-538774447938,85495,Michael,Johnson,michael.johnson@gmail.com',11.0,5.0,15,Hoodie,Clothing,,,,,,1,29.99,no,Credit Card,,john wick,2018-7-10,Phoenix,2017-09-20,C,5
2023-4-16,trx-364624014655,85544,Ava,Johnson,ava.johnson@gmail.com;,8.0,4.0,8,Sneakers,Footwear,,,,True,,4,79.99,no,Cash,,Olivia Davis,2019-12-8,Houston,2016-11-05,D,5
2022-4-17,trx-877153062457,85539,Sophia,Miller,sophia.miller@gmail.com%x,5.0,6.0,10,Sandals,Footwear,,,,,True,8,39.99,no,Credit Card,,David Wilson,2020-6-23,Oklahoma,2016-09-20,A,5
2023-3-14,trx-290652586264,85510,Mia,Davis,mia.davis@hotmail.com',9.0,4.0,22,Coffee Maker,Appliances,,,,,,5,79.99,no,Cash,,Daniel Martinez,2019-7-19,Houston,2016-11-05,D,5
2022-8-4,trx-735989919829,85522,Emma,Jones,emma.jones@hotmail.com$u,10.0,4.0,2,Smartphone,Electronics,True,,,,,2,699.99,no,Cash,,Sophia Moore,2019-11-10,Houston,2016-11-05,D,5
2023-1-15,trx-721282353736,85537,Ava,Miller,ava.miller@yahoo.com;,4.0,2.0,21,Microwave,Appliances,,,,,,2,129.99,no,Cash,,Emily Brown,2018-11-12,Los Angeles,2016-07-28,B,5
2022-3-9,trx-838437230835,85521,Olivia,Wilson,olivia.wilson@gmail.com}4,9.0,3.0,25,Washing Machine,Appliances,,,,,,9,499.99,no,Cash,,Daniel Martinez,2019-7-19,Chicago,2015-03-10,A,5
2023-10-13,trx-609367205371,85468,William,Moore,william.moore@outlook.com',9.0,5.0,17,Blouse,Clothing,,,,,,8,29.99,no,Credit Card,,Daniel Martinez,2019-7-19,Phoenix,2017-09-20,C,5
2023-3-11,trx-885044878261,85463,Mia,Wilson,mia.wilson@hotmail.com\,4.0,5.0,27,Iron,Appliances,,,,,,9,29.99,no,Cash,,Emily Brown,2018-11-12,Phoenix,2017-09-20,C,5
2022-2-5,trx-996919733061,85462,James,Wilson,james.wilson@outlook.com{,10.0,2.0,3,Tablet,Electronics,,True,,,,10,299.99,no,Cash,,Sophia Moore,2019-11-10,Los Angeles,2016-07-28,B,5
2022-5-11,trx-304320232804,85464,Emma,Williams,emma.williams@hotmail.com#4r,1.0,1.0,19,Sandals,Footwear,,,,,,2,29.99,no,Cash,,John Doe,2020-6-10,New York,2017-01-15,A,5
2022-11-26,trx-376575500394,85504,Sophia,Wilson,sophia.wilson@hotmail.comm,1.0,3.0,24,Blender,Appliances,,,,,True,7,49.99,no,Credit Card,,John Doe,2020-6-10,Chicago,2015-03-10,A,5
2023-12-8,trx-978516440938,85501,Emma,Taylor,emma.taylor@gmail.com|,2.0,3.0,2,Smartphone,Electronics,,,,True,,10,699.99,no,Credit Card,,Jane Smith,2021-6-8,Chicago,2015-03-10,A,5
2022-6-20,trx-456742989138,85526,Olivia,Moore,olivia.moore@hotmail.com<,7.0,6.0,12,Monitor,Electronics,True,,,,,9,299.99,no,Credit Card,,Christopher Miller,2018-7-5,Oklahoma,2016-09-20,A,5
2023-10-17,trx-364974274015,85528,John,Taylor,john.taylor@hotmail.com{,4.0,4.0,19,Sandals,Footwear,,,True,,,4,29.99,no,Credit Card,,Emily Brown,2018-11-12,Houston,2016-11-05,D,5
2022-2-16,trx-497110607628,85470,Sophia,Smith,sophia.smith@yahoo.com^,7.0,3.0,16,Skirt,Clothing,,,,,,3,39.99,no,Cash,,Christopher Miller,2018-7-5,Chicago,2015-03-10,A,5
2022-4-7,trx-728595699608,85462,James,Wilson,james.wilson@outlook.com*,2.0,1.0,6,Jeans,Clothing,,,,,,4,49.99,no,Cash,,Jane Smith,2021-6-8,New York,2017-01-15,A,5
2023-10-27,trx-482752324761,85469,James,Smith,james.smith@hotmail.comm,9.0,2.0,16,Skirt,Clothing,,True,,,,1,39.99,no,Cash,,Daniel Martinez,2019-7-19,Los Angeles,2016-07-28,B,5
2023-11-26,trx-066363133380,85535,Olivia,Johnson,olivia.johnson@yahoo.com&,3.0,5.0,16,Skirt,Clothing,,,,,,3,39.99,no,Credit Card,,Michael Johnson,2019-7-22,Phoenix,2017-09-20,C,5
2023-9-28,trx-522094861828,85497,Michael,Williams,michael.williams@yahoo.com ,3.0,6.0,1,Laptop,Electronics,,,,,,5,999.99,no,Cash,,Michael Johnson,2019-7-22,Oklahoma,2016-09-20,A,5
2023-2-12,trx-240402729886,85508,Ava,Smith,ava.smith@gmail.comm,9.0,2.0,20,Heels,Footwear,,,,,,1,59.99,no,Cash,,Daniel Martinez,2019-7-19,Los Angeles,2016-07-28,B,5
2022-4-22,trx-894140743582,85479,Sophia,Davis,"sophia.davis@hotmail.com""",6.0,3.0,28,Hair Dryer,Appliances,,,,,,2,19.99,no,Credit Card,,Emma Taylor,2018-8-9,Chicago,2015-03-10,A,5
2022-3-4,trx-188713793603,85540,Sophia,Jones,sophia.jones@hotmail.com$u,5.0,2.0,23,Toaster,Appliances,,,True,,,9,39.99,no,Cash,,David Wilson,2020-6-23,Los Angeles,2016-07-28,B,5
2023-11-7,trx-166768668264,85470,Sophia,Smith,sophia.smith@yahoo.com;,9.0,1.0,18,Boots,Footwear,,,,,,5,149.99,no,Cash,,Daniel Martinez,2019-7-19,New York,2017-01-15,A,5
2023-7-23,trx-827974749109,85488,Mia,Williams,mia.williams@hotmail.com}4,4.0,1.0,6,Jeans,Clothing,,True,,,,1,49.99,no,Credit Card,,Emily Brown,2018-11-12,New York,2017-01-15,A,5
2023-11-21,trx-068912061140,85558,Emma,Moore,emma.moore@hotmail.com$u,2.0,1.0,24,Blender,Appliances,,,,,,4,49.99,no,Cash,,Jane Smith,2021-6-8,New York,2017-01-15,A,5
2022-12-12,trx-381668523808,85483,Emma,Miller,emma.miller@hotmail.com',5.0,2.0,28,Hair Dryer,Appliances,True,,,,,1,19.99,no,Credit Card,,David Wilson,2020-6-23,Los Angeles,2016-07-28,B,5
2022-11-1,trx-909728741363,85470,Sophia,Smith,sophia.smith@yahoo.com{,8.0,1.0,22,Coffee Maker,Appliances,,,,,,1,79.99,no,Cash,,Olivia Davis,2019-12-8,New York,2017-01-15,A,5
2023-7-1,trx-002259959416,85474,Sophia,Davis,sophia.davis@gmail.com[,11.0,6.0,12,Monitor,Electronics,,,,True,,6,299.99,no,Cash,,john wick,2018-7-10,Oklahoma,2016-09-20,A,5
2023-12-4,trx-796083284064,85462,James,Wilson,james.wilson@outlook.com ,9.0,1.0,6,Jeans,Clothing,,,,,,5,49.99,no,Credit Card,,Daniel Martinez,2019-7-19,New York,2017-01-15,A,5
2022-11-20,trx-574077500823,85477,John,Jones,"john.jones@gmail.com""",1.0,2.0,26,Vacuum Cleaner,Appliances,,,True,,,10,199.99,no,Cash,,John Doe,2020-6-10,Los Angeles,2016-07-28,B,5
2023-3-19,trx-585050616952,85483,Emma,Miller,"emma.miller@hotmail.com""",6.0,3.0,15,Hoodie,Clothing,,,,,,1,29.99,no,Credit Card,,Emma Taylor,2018-8-9,Chicago,2015-03-10,A,5
2023-11-8,trx-365561394343,85554,Ava,Wilson,"ava.wilson@outlook.com""",10.0,4.0,17,Blouse,Clothing,,,,,,5,29.99,no,Cash,,Sophia Moore,2019-11-10,Houston,2016-11-05,D,5
2023-11-13,trx-034713628791,85497,Michael,Williams,michael.williams@yahoo.com)x,11.0,3.0,8,Sneakers,Footwear,,,,,,9,79.99,no,Credit Card,,john wick,2018-7-10,Chicago,2015-03-10,A,5
2023-5-10,trx-316393201121,85519,Emma,Wilson,emma.wilson@hotmail.com:,3.0,2.0,26,Vacuum Cleaner,Appliances,,,,,,10,199.99,no,Credit Card,,Michael Johnson,2019-7-22,Los Angeles,2016-07-28,B,5
2022-6-2,trx-930821923814,85536,Michael,Davis,michael.davis@gmail.com[,3.0,6.0,30,Electric Kettle,Appliances,,,,,,3,24.99,no,Cash,,Michael Johnson,2019-7-22,Oklahoma,2016-09-20,A,5
2022-5-7,trx-838424910984,85485,James,Johnson,james.johnson@hotmail.com%x,11.0,5.0,24,Blender,Appliances,,,,True,,4,49.99,no,Credit Card,,john wick,2018-7-10,Phoenix,2017-09-20,C,5
2022-8-13,trx-981445993045,85469,James,Smith,james.smith@hotmail.com{,11.0,6.0,12,Monitor,Electronics,,,,,,3,299.99,no,Cash,,john wick,2018-7-10,Oklahoma,2016-09-20,A,5
2022-5-24,trx-958255343673,85499,Olivia,Wilson,olivia.wilson@gmail.comm,8.0,5.0,10,Sandals,Footwear,,,,True,,8,39.99,no,Credit Card,,Olivia Davis,2019-12-8,Phoenix,2017-09-20,C,5
2022-5-22,trx-628789468817,85560,Emma,Johnson,"emma.johnson@outlook.com""",4.0,5.0,17,Blouse,Clothing,,,,,True,6,29.99,no,Credit Card,,Emily Brown,2018-11-12,Phoenix,2017-09-20,C,5
2022-12-1,trx-768199279512,85470,Sophia,Smith,sophia.smith@yahoo.com&,11.0,5.0,9,Boots,Footwear,,,,,,2,129.99,no,Cash,,john wick,2018-7-10,Phoenix,2017-09-20,C,5
2023-10-12,trx-063324329312,85506,Sophia,Wilson,sophia.wilson@hotmail.com;,5.0,2.0,21,Microwave,Appliances,,True,,,,2,129.99,no,Cash,,David Wilson,2020-6-23,Los Angeles,2016-07-28,B,5
2023-5-9,trx-712555449237,85538,Emma,Davis,emma.davis@gmail.com^,4.0,1.0,21,Microwave,Appliances,,,,,,9,129.99,no,Credit Card,,Emily Brown,2018-11-12,New York,2017-01-15,A,5
2023-8-3,trx-644679551088,85534,Emma,Davis,emma.davis@gmail.comm,3.0,1.0,17,Blouse,Clothing,,,,,,4,29.99,no,Credit Card,,Michael Johnson,2019-7-22,New York,2017-01-15,A,5
2023-1-11,trx-012733215122,85510,Mia,Davis,mia.davis@hotmail.com<,6.0,1.0,11,TV,Electronics,,,,True,,8,899.99,no,Cash,,Emma Taylor,2018-8-9,New York,2017-01-15,A,5
2023-9-8,trx-609795372172,85540,Sophia,Jones,sophia.jones@hotmail.com:,1.0,2.0,11,TV,Electronics,,,,,,2,899.99,no,Cash,,John Doe,2020-6-10,Los Angeles,2016-07-28,B,5
2023-6-11,trx-437360507845,85474,Sophia,Davis,sophia.davis@gmail.com)x,10.0,6.0,8,Sneakers,Footwear,,True,,,,1,79.99,no,Credit Card,,Sophia Moore,2019-11-10,Oklahoma,2016-09-20,A,5
2022-11-3,trx-533127346102,85552,John,Wilson,john.wilson@yahoo.com}4,7.0,1.0,28,Hair Dryer,Appliances,,,,,,9,19.99,no,Cash,,Christopher Miller,2018-7-5,New York,2017-01-15,A,5
2022-11-11,trx-635589263733,85546,William,Taylor,william.taylor@outlook.com%x,8.0,2.0,29,Hair Straightener,Appliances,,,,,,1,39.99,no,Cash,,Olivia Davis,2019-12-8,Los Angeles,2016-07-28,B,5
2022-11-12,trx-713643122217,85469,James,Smith,james.smith@hotmail.com]x,7.0,4.0,30,Electric Kettle,Appliances,,,,,,2,24.99,no,Credit Card,,Christopher Miller,2018-7-5,Houston,2016-11-05,D,5
2023-2-5,trx-534312901554,85562,John,Davis,"john.davis@gmail.com""",9.0,5.0,16,Skirt,Clothing,,,,,,4,39.99,no,Cash,,Daniel Martinez,2019-7-19,Phoenix,2017-09-20,C,5
2023-7-6,trx-134521590581,85467,Sophia,Wilson,sophia.wilson@yahoo.comm,4.0,5.0,27,Iron,Appliances,,,,,,3,29.99,no,Cash,,Emily Brown,2018-11-12,Phoenix,2017-09-20,C,5
2022-5-11,trx-705601986003,85462,James,Wilson,james.wilson@outlook.com',2.0,6.0,15,Hoodie,Clothing,,,,,,2,29.99,no,Credit Card,,Jane Smith,2021-6-8,Oklahoma,2016-09-20,A,5
2023-5-28,trx-825372512686,85481,Emma,Wilson,emma.wilson@yahoo.com;,3.0,4.0,28,Hair Dryer,Appliances,,,,,,3,19.99,no,Cash,,Michael Johnson,2019-7-22,Houston,2016-11-05,D,5
2023-8-19,trx-520720488370,85463,Mia,Wilson,mia.wilson@hotmail.com>,10.0,6.0,24,Blender,Appliances,,,,,,8,49.99,no,Credit Card,,Sophia Moore,2019-11-10,Oklahoma,2016-09-20,A,5
2022-10-19,trx-859099935065,85551,William,Davis,william.davis@hotmail.comm,9.0,4.0,25,Washing Machine,Appliances,,,,,,3,499.99,no,Credit Card,,Daniel Martinez,2019-7-19,Houston,2016-11-05,D,5
2023-12-21,trx-692031210327,85528,John,Taylor,john.taylor@hotmail.com ,2.0,3.0,21,Microwave,Appliances,,,,,,7,129.99,no,Cash,,Jane Smith,2021-6-8,Chicago,2015-03-10,A,5
2023-6-11,trx-209847148969,85547,Emma,Miller,emma.miller@gmail.com%x,6.0,6.0,20,Heels,Footwear,,True,,,,9,59.99,no,Cash,,Emma Taylor,2018-8-9,Oklahoma,2016-09-20,A,5
2022-10-1,trx-524747020204,85531,Sophia,Taylor,sophia.taylor@hotmail.com\,10.0,3.0,3,Tablet,Electronics,,,,,,10,299.99,no,Cash,,Sophia Moore,2019-11-10,Chicago,2015-03-10,A,5
2022-4-19,trx-596870205446,85543,James,Williams,james.williams@gmail.com$u,6.0,3.0,16,Skirt,Clothing,,,,,,3,39.99,no,Credit Card,,Emma Taylor,2018-8-9,Chicago,2015-03-10,A,5
2022-8-27,trx-967464682843,85529,James,Wilson,james.wilson@hotmail.com',1.0,5.0,25,Washing Machine,Appliances,,,,,,3,499.99,no,Credit Card,,John Doe,2020-6-10,Phoenix,2017-09-20,C,5
2022-10-8,trx-038166994958,85503,Alexander,Miller,alexander.miller@outlook.com ,8.0,4.0,26,Vacuum Cleaner,Appliances,,,True,,,6,199.99,no,Cash,,Olivia Davis,2019-12-8,Houston,2016-11-05,D,5
2022-4-24,trx-874979844721,85479,Sophia,Davis,sophia.davis@hotmail.com^,9.0,4.0,19,Sandals,Footwear,,,,,,1,29.99,no,Credit Card,,Daniel Martinez,2019-7-19,Houston,2016-11-05,D,5
2023-3-20,trx-149213582798,85478,John,Johnson,john.johnson@hotmail.com%x,1.0,6.0,4,Headphones,Electronics,,True,,,,5,99.99,no,Cash,,John Doe,2020-6-10,Oklahoma,2016-09-20,A,5
2022-4-19,trx-467628802759,85538,Emma,Davis,emma.davis@gmail.com$u,5.0,4.0,28,Hair Dryer,Appliances,,,,True,,6,19.99,no,Cash,,David Wilson,2020-6-23,Houston,2016-11-05,D,5
2023-9-18,trx-222574294356,85495,Michael,Johnson,michael.johnson@gmail.com ,2.0,3.0,23,Toaster,Appliances,,,,True,,6,39.99,no,Credit Card,,Jane Smith,2021-6-8,Chicago,2015-03-10,A,5
2022-12-5,trx-185091217350,85531,Sophia,Taylor,sophia.taylor@hotmail.com^,6.0,4.0,18,Boots,Footwear,,,,,,6,149.99,no,Credit Card,,Emma Taylor,2018-8-9,Houston,2016-11-05,D,5
2022-1-21,trx-671626208211,85501,Emma,Taylor,emma.taylor@gmail.com ,9.0,6.0,3,Tablet,Electronics,True,,,,,3,299.99,no,Credit Card,,Daniel Martinez,2019-7-19,Oklahoma,2016-09-20,A,5
2022-1-24,trx-190512717486,85539,Sophia,Miller,sophia.miller@gmail.com#4r,7.0,6.0,6,Jeans,Clothing,,,,,,6,49.99,no,Credit Card,,Christopher Miller,2018-7-5,Oklahoma,2016-09-20,A,5
2022-7-26,trx-310760640644,85466,James,Williams,james.williams@yahoo.comm,10.0,4.0,19,Sandals,Footwear,,,,,,4,29.99,no,Cash,,Sophia Moore,2019-11-10,Houston,2016-11-05,D,5
2023-4-28,trx-505397837712,85534,Emma,Davis,emma.davis@gmail.com{,6.0,1.0,14,Camera,Electronics,,,,,,8,399.99,no,Cash,,Emma Taylor,2018-8-9,New York,2017-01-15,A,5
2022-11-16,trx-423068253041,85558,Emma,Moore,"emma.moore@hotmail.com""",5.0,3.0,11,TV,Electronics,,True,,,,6,899.99,no,Cash,,David Wilson,2020-6-23,Chicago,2015-03-10,A,5
2022-2-24,trx-804767597177,85520,Michael,Williams,michael.williams@yahoo.com\,4.0,6.0,7,Dress,Clothing,,,,True,,6,59.99,no,Cash,,Emily Brown,2018-11-12,Oklahoma,2016-09-20,A,5
2023-9-16,trx-346580714838,85557,William,Williams,william.williams@hotmail.com)x,5.0,6.0,29,Hair Straightener,Appliances,,,,,,1,39.99,no,Credit Card,,David Wilson,2020-6-23,Oklahoma,2016-09-20,A,5
2022-9-1,trx-285734260701,85524,Alexander,Jones,alexander.jones@outlook.com#4r,5.0,1.0,1,Laptop,Electronics,,,,,,7,999.99,no,Credit Card,,David Wilson,2020-6-23,New York,2017-01-15,A,5
2023-8-14,trx-663761696789,85525,Emma,Wilson,emma.wilson@yahoo.com:,2.0,5.0,2,Smartphone,Electronics,,,,True,,2,699.99,no,Credit Card,,Jane Smith,2021-6-8,Phoenix,2017-09-20,C,5
2022-6-8,trx-815876457926,85481,Emma,Wilson,emma.wilson@yahoo.com$u,11.0,3.0,26,Vacuum Cleaner,Appliances,,,,,,3,199.99,no,Credit Card,,john wick,2018-7-10,Chicago,2015-03-10,A,5
2022-2-16,trx-079727470229,85532,James,Wilson,james.wilson@outlook.comm,11.0,3.0,17,Blouse,Clothing,,,,,,8,29.99,no,Cash,,john wick,2018-7-10,Chicago,2015-03-10,A,5
2023-12-15,trx-845158373865,85560,Emma,Johnson,emma.johnson@outlook.com/,3.0,6.0,17,Blouse,Clothing,,,,True,,10,29.99,no,Cash,,Michael Johnson,2019-7-22,Oklahoma,2016-09-20,A,5
2022-11-22,trx-993349657970,85473,Alexander,Moore,alexander.moore@gmail.com/,4.0,5.0,2,Smartphone,Electronics,,,,,,5,699.99,no,Cash,,Emily Brown,2018-11-12,Phoenix,2017-09-20,C,5
2022-10-15,trx-428110039379,85510,Mia,Davis,mia.davis@hotmail.com',9.0,6.0,5,T-Shirt,Clothing,,,,,,5,19.99,no,Credit Card,,Daniel Martinez,2019-7-19,Oklahoma,2016-09-20,A,5
2022-10-14,trx-288929590321,85473,Alexander,Moore,alexander.moore@gmail.com)x,1.0,4.0,7,Dress,Clothing,,,,True,,2,59.99,no,Cash,,John Doe,2020-6-10,Houston,2016-11-05,D,5
2023-7-16,trx-158731093967,85540,Sophia,Jones,sophia.jones@hotmail.com/,1.0,3.0,16,Skirt,Clothing,,,,True,,4,39.99,no,Credit Card,,John Doe,2020-6-10,Chicago,2015-03-10,A,5
2023-5-14,trx-425226397653,85535,Olivia,Johnson,olivia.johnson@yahoo.com<,10.0,2.0,24,Blender,Appliances,,,,,True,7,49.99,no,Cash,,Sophia Moore,2019-11-10,Los Angeles,2016-07-28,B,5
2022-10-10,trx-358224464860,85513,James,Williams,james.williams@hotmail.com(,11.0,1.0,17,Blouse,Clothing,,,,,,4,29.99,no,Credit Card,,john wick,2018-7-10,New York,2017-01-15,A,5
2023-11-21,trx-583150106756,85515,James,Miller,james.miller@gmail.com(,6.0,6.0,6,Jeans,Clothing,,,,,,6,49.99,no,Credit Card,,Emma Taylor,2018-8-9,Oklahoma,2016-09-20,A,5
2023-9-14,trx-559687089454,85522,Emma,Jones,emma.jones@hotmail.com#4r,7.0,6.0,22,Coffee Maker,Appliances,,,,,,10,79.99,no,Cash,,Christopher Miller,2018-7-5,Oklahoma,2016-09-20,A,5
2022-7-26,trx-656334411743,85516,Mia,Miller,mia.miller@hotmail.com&,4.0,4.0,28,Hair Dryer,Appliances,,,,True,,2,19.99,no,Cash,,Emily Brown,2018-11-12,Houston,2016-11-05,D,5
2022-8-7,trx-838393918877,85551,William,Davis,william.davis@hotmail.com',3.0,1.0,22,Coffee Maker,Appliances,,,,,True,8,79.99,no,Credit Card,,Michael Johnson,2019-7-22,New York,2017-01-15,A,5
2022-5-14,trx-535311052770,85466,James,Williams,james.williams@yahoo.com#4r,8.0,2.0,2,Smartphone,Electronics,,,,,True,7,699.99,no,Credit Card,,Olivia Davis,2019-12-8,Los Angeles,2016-07-28,B,5
2022-1-15,trx-972283819685,85516,Mia,Miller,mia.miller@hotmail.com\,3.0,4.0,25,Washing Machine,Appliances,,,,,,5,499.99,no,Credit Card,,Michael Johnson,2019-7-22,Houston,2016-11-05,D,5
2022-4-2,trx-413579722718,85551,William,Davis,william.davis@hotmail.com)x,6.0,6.0,5,T-Shirt,Clothing,,,True,,,4,19.99,no,Credit Card,,Emma Taylor,2018-8-9,Oklahoma,2016-09-20,A,5
2022-12-21,trx-822672156436,85465,Sophia,Wilson,sophia.wilson@hotmail.com]x,6.0,2.0,2,Smartphone,Electronics,True,,,,,9,699.99,no,Cash,,Emma Taylor,2018-8-9,Los Angeles,2016-07-28,B,5
2022-12-14,trx-390004535457,85544,Ava,Johnson,ava.johnson@gmail.com(,2.0,3.0,23,Toaster,Appliances,,,,,True,3,39.99,no,Credit Card,,Jane Smith,2021-6-8,Chicago,2015-03-10,A,5
2022-11-21,trx-348898880908,85530,Olivia,Moore,olivia.moore@yahoo.com$u,1.0,3.0,28,Hair Dryer,Appliances,,,,,True,10,19.99,no,Credit Card,,John Doe,2020-6-10,Chicago,2015-03-10,A,5
2022-11-22,trx-292199151527,85463,Mia,Wilson,mia.wilson@hotmail.com ,4.0,3.0,7,Dress,Clothing,,,,,,9,59.99,no,Cash,,Emily Brown,2018-11-12,Chicago,2015-03-10,A,5
2023-8-6,trx-483530946603,85528,John,Taylor,john.taylor@hotmail.com)x,9.0,2.0,23,Toaster,Appliances,,,,,,5,39.99,no,Credit Card,,Daniel Martinez,2019-7-19,Los Angeles,2016-07-28,B,5
2023-5-10,trx-218569938873,85513,James,Williams,james.williams@hotmail.com[,6.0,5.0,30,Electric Kettle,Appliances,,,,,,5,24.99,no,Cash,,Emma Taylor,2018-8-9,Phoenix,2017-09-20,C,5
2023-9-25,trx-685989988903,85483,Emma,Miller,emma.miller@hotmail.com|,7.0,4.0,30,Electric Kettle,Appliances,,,,,,10,24.99,no,Cash,,Christopher Miller,2018-7-5,Houston,2016-11-05,D,5
2022-2-26,trx-540548505848,85502,Ava,Wilson,ava.wilson@hotmail.com$u,2.0,3.0,16,Skirt,Clothing,,,,,True,4,39.99,no,Credit Card,,Jane Smith,2021-6-8,Chicago,2015-03-10,A,5
2022-8-9,trx-991545525190,85517,Mia,Jones,"mia.jones@outlook.com""",5.0,6.0,25,Washing Machine,Appliances,True,,,,,7,499.99,no,Cash,,David Wilson,2020-6-23,Oklahoma,2016-09-20,A,5
2023-8-5,trx-410370018055,85532,James,Wilson,james.wilson@outlook.comm,10.0,4.0,28,Hair Dryer,Appliances,,,,,,2,19.99,no,Credit Card,,Sophia Moore,2019-11-10,Houston,2016-11-05,D,5
2023-2-17,trx-877595436054,85539,Sophia,Miller,sophia.miller@gmail.comm,7.0,1.0,24,Blender,Appliances,,,,,,8,49.99,no,Credit Card,,Christopher Miller,2018-7-5,New York,2017-01-15,A,5
2022-1-9,trx-701464304441,85507,Olivia,Smith,olivia.smith@hotmail.com/,10.0,6.0,9,Boots,Footwear,True,,,,,1,129.99,no,Cash,,Sophia Moore,2019-11-10,Oklahoma,2016-09-20,A,5
2023-4-24,trx-879354121732,85551,William,Davis,william.davis@hotmail.com#4r,8.0,4.0,28,Hair Dryer,Appliances,,,,,,3,19.99,no,Cash,,Olivia Davis,2019-12-8,Houston,2016-11-05,D,5
2022-12-23,trx-074569042831,85490,Sophia,Johnson,sophia.johnson@yahoo.com)x,6.0,4.0,13,Printer,Electronics,,,,True,,3,149.99,no,Credit Card,,Emma Taylor,2018-8-9,Houston,2016-11-05,D,5
2023-1-14,trx-611604428008,85545,William,Taylor,william.taylor@hotmail.com ,6.0,3.0,21,Microwave,Appliances,,,,,,8,129.99,no,Cash,,Emma Taylor,2018-8-9,Chicago,2015-03-10,A,5
2022-9-25,trx-561961731203,85559,Olivia,Moore,olivia.moore@gmail.com\,9.0,5.0,18,Boots,Footwear,,,,,,1,149.99,no,Credit Card,,Daniel Martinez,2019-7-19,Phoenix,2017-09-20,C,5
2022-10-9,trx-038466333657,85498,Olivia,Davis,olivia.davis@gmail.com}4,4.0,3.0,4,Headphones,Electronics,,,,True,,5,99.99,no,Credit Card,,Emily Brown,2018-11-12,Chicago,2015-03-10,A,5
2022-4-27,trx-368775896949,85495,Michael,Johnson,michael.johnson@gmail.com;,6.0,3.0,26,Vacuum Cleaner,Appliances,,,,,,4,199.99,no,Cash,,Emma Taylor,2018-8-9,Chicago,2015-03-10,A,5
2022-7-23,trx-069853119837,85474,Sophia,Davis,"sophia.davis@gmail.com""",1.0,1.0,20,Heels,Footwear,,,,,,5,59.99,no,Cash,,John Doe,2020-6-10,New York,2017-01-15,A,5
2023-12-12,trx-334766097005,85500,John,Davis,john.davis@yahoo.com*,5.0,3.0,20,Heels,Footwear,,,,,,10,59.99,no,Credit Card,,David Wilson,2020-6-23,Chicago,2015-03-10,A,5
2022-6-16,trx-151975326758,85490,Sophia,Johnson,sophia.johnson@yahoo.com\,1.0,1.0,2,Smartphone,Electronics,,,,,True,6,699.99,no,Cash,,John Doe,2020-6-10,New York,2017-01-15,A,5
2023-10-8,trx-941404393183,85517,Mia,Jones,mia.jones@outlook.com[,5.0,2.0,5,T-Shirt,Clothing,True,,,,,5,19.99,no,Credit Card,,David Wilson,2020-6-23,Los Angeles,2016-07-28,B,5
2022-8-19,trx-570842781396,85552,John,Wilson,john.wilson@yahoo.com<,10.0,4.0,3,Tablet,Electronics,,,,True,,6,299.99,no,Cash,,Sophia Moore,2019-11-10,Houston,2016-11-05,D,5
2023-2-24,trx-897004903472,85496,Alexander,Moore,alexander.moore@hotmail.com:,6.0,1.0,1,Laptop,Electronics,,,,,,10,999.99,no,Credit Card,,Emma Taylor,2018-8-9,New York,2017-01-15,A,5
2022-1-11,trx-860934536842,85522,Emma,Jones,emma.jones@hotmail.comm,4.0,2.0,16,Skirt,Clothing,,,,,,9,39.99,no,Cash,,Emily Brown,2018-11-12,Los Angeles,2016-07-28,B,5
2023-10-3,trx-757741608787,85540,Sophia,Jones,sophia.jones@hotmail.com*,8.0,5.0,30,Electric Kettle,Appliances,,,,,True,2,24.99,no,Cash,,Olivia Davis,2019-12-8,Phoenix,2017-09-20,C,5
2023-2-8,trx-669025321205,85462,James,Wilson,james.wilson@outlook.comm,8.0,1.0,27,Iron,Appliances,,,,,,5,29.99,no,Cash,,Olivia Davis,2019-12-8,New York,2017-01-15,A,5
2022-11-25,trx-249244724451,85500,John,Davis,john.davis@yahoo.com]x,11.0,4.0,17,Blouse,Clothing,True,,,,,3,29.99,no,Credit Card,,john wick,2018-7-10,Houston,2016-11-05,D,5
2023-8-7,trx-733379397207,85486,Emma,Moore,emma.moore@gmail.com[,2.0,6.0,7,Dress,Clothing,,,,,,7,59.99,no,Credit Card,,Jane Smith,2021-6-8,Oklahoma,2016-09-20,A,5
2023-3-7,trx-286952247049,85475,Alexander,Moore,alexander.moore@gmail.com\,4.0,1.0,4,Headphones,Electronics,True,,,,,3,99.99,no,Credit Card,,Emily Brown,2018-11-12,New York,2017-01-15,A,5
2023-12-21,trx-707880401155,85484,James,Taylor,james.taylor@yahoo.com*,5.0,1.0,29,Hair Straightener,Appliances,True,,,,,8,39.99,no,Credit Card,,David Wilson,2020-6-23,New York,2017-01-15,A,5
2022-12-28,trx-963377304846,85525,Emma,Wilson,emma.wilson@yahoo.com/,6.0,4.0,23,Toaster,Appliances,,True,,,,7,39.99,no,Cash,,Emma Taylor,2018-8-9,Houston,2016-11-05,D,5
2023-7-13,trx-090003535220,85534,Emma,Davis,emma.davis@gmail.com<,11.0,5.0,3,Tablet,Electronics,,,,True,,7,299.99,no,Credit Card,,john wick,2018-7-10,Phoenix,2017-09-20,C,5
2023-5-5,trx-677216067336,85489,Emma,Wilson,emma.wilson@gmail.com^,5.0,5.0,25,Washing Machine,Appliances,,,True,,,7,499.99,no,Cash,,David Wilson,2020-6-23,Phoenix,2017-09-20,C,5
2023-1-5,trx-912806732930,85528,John,Taylor,john.taylor@hotmail.com',3.0,3.0,11,TV,Electronics,,,,,,5,899.99,no,Cash,,Michael Johnson,2019-7-22,Chicago,2015-03-10,A,5
2023-1-14,trx-535040662924,85509,Ava,Taylor,ava.taylor@hotmail.com]x,1.0,1.0,29,Hair Straightener,Appliances,,,,True,,8,39.99,no,Credit Card,,John Doe,2020-6-10,New York,2017-01-15,A,5
2023-6-26,trx-157341550941,85494,Sophia,Moore,sophia.moore@gmail.com{,11.0,3.0,28,Hair Dryer,Appliances,,,,,,9,19.99,no,Credit Card,,john wick,2018-7-10,Chicago,2015-03-10,A,5
2023-9-13,trx-928472645378,85470,Sophia,Smith,"sophia.smith@yahoo.com""",10.0,1.0,5,T-Shirt,Clothing,,,,,,9,19.99,no,Cash,,Sophia Moore,2019-11-10,New York,2017-01-15,A,5
2023-12-23,trx-468911970348,85470,Sophia,Smith,sophia.smith@yahoo.com<,3.0,6.0,26,Vacuum Cleaner,Appliances,,True,,,,1,199.99,no,Cash,,Michael Johnson,2019-7-22,Oklahoma,2016-09-20,A,5
2022-4-5,trx-117993817360,85482,Emma,Moore,emma.moore@gmail.com&,11.0,1.0,2,Smartphone,Electronics,,,,,,2,699.99,no,Credit Card,,john wick,2018-7-10,New York,2017-01-15,A,5
2023-1-8,trx-537236509533,85545,William,Taylor,"william.taylor@hotmail.com""",3.0,2.0,26,Vacuum Cleaner,Appliances,,,,,True,10,199.99,no,Cash,,Michael Johnson,2019-7-22,Los Angeles,2016-07-28,B,5
2022-2-11,trx-006472917657,85545,William,Taylor,william.taylor@hotmail.com|,2.0,3.0,29,Hair Straightener,Appliances,,,,,,3,39.99,no,Credit Card,,Jane Smith,2021-6-8,Chicago,2015-03-10,A,5
2023-3-6,trx-250627778534,85510,Mia,Davis,mia.davis@hotmail.com&,4.0,3.0,1,Laptop,Electronics,,,,,,7,999.99,no,Credit Card,,Emily Brown,2018-11-12,Chicago,2015-03-10,A,5
2022-2-24,trx-996974172957,85511,Olivia,Davis,olivia.davis@outlook.com/,8.0,2.0,13,Printer,Electronics,,,,,,6,149.99,no,Cash,,Olivia Davis,2019-12-8,Los Angeles,2016-07-28,B,5
2022-1-27,trx-621169989253,85539,Sophia,Miller,sophia.miller@gmail.com>,9.0,6.0,29,Hair Straightener,Appliances,,,,True,,8,39.99,no,Credit Card,,Daniel Martinez,2019-7-19,Oklahoma,2016-09-20,A,5
2022-7-26,trx-698722288086,85538,Emma,Davis,emma.davis@gmail.com/,1.0,4.0,16,Skirt,Clothing,,,,,,2,39.99,no,Cash,,John Doe,2020-6-10,Houston,2016-11-05,D,5
2023-2-10,trx-288070788728,85487,Emma,Davis,emma.davis@hotmail.com)x,7.0,2.0,1,Laptop,Electronics,,,,,,6,999.99,no,Credit Card,,Christopher Miller,2018-7-5,Los Angeles,2016-07-28,B,5
2023-2-19,trx-286408123405,85543,James,Williams,james.williams@gmail.com}4,8.0,2.0,12,Monitor,Electronics,,,,,,9,299.99,no,Credit Card,,Olivia Davis,2019-12-8,Los Angeles,2016-07-28,B,5
2023-5-13,trx-638617777917,85531,Sophia,Taylor,sophia.taylor@hotmail.comm,4.0,2.0,28,Hair Dryer,Appliances,,,,,True,2,19.99,no,Credit Card,,Emily Brown,2018-11-12,Los Angeles,2016-07-28,B,5
2022-11-1,trx-584230173150,85532,James,Wilson,james.wilson@outlook.com|,6.0,6.0,4,Headphones,Electronics,,,,,,5,99.99,no,Cash,,Emma Taylor,2018-8-9,Oklahoma,2016-09-20,A,5
2022-11-5,trx-741074252335,85486,Emma,Moore,emma.moore@gmail.comm,2.0,3.0,14,Camera,Electronics,,,,,,7,399.99,no,Credit Card,,Jane Smith,2021-6-8,Chicago,2015-03-10,A,5
2023-6-2,trx-339054334004,85553,John,Moore,john.moore@outlook.com<,5.0,1.0,27,Iron,Appliances,,,,True,,2,29.99,no,Credit Card,,David Wilson,2020-6-23,New York,2017-01-15,A,5
2022-8-19,trx-396291288395,85497,Michael,Williams,michael.williams@yahoo.com/,5.0,1.0,6,Jeans,Clothing,,,,,,5,49.99,no,Cash,,David Wilson,2020-6-23,New York,2017-01-15,A,5
2023-2-26,trx-773738072672,85488,Mia,Williams,mia.williams@hotmail.com:,10.0,6.0,17,Blouse,Clothing,,,,,,3,29.99,no,Cash,,Sophia Moore,2019-11-10,Oklahoma,2016-09-20,A,5
2023-8-12,trx-410624345125,85492,Michael,Miller,michael.miller@gmail.com[,2.0,3.0,19,Sandals,Footwear,True,,,,,7,29.99,no,Credit Card,,Jane Smith,2021-6-8,Chicago,2015-03-10,A,5
2023-1-13,trx-399958358377,85464,Emma,Williams,emma.williams@hotmail.com(,8.0,4.0,23,Toaster,Appliances,,True,,,,2,39.99,no,Cash,,Olivia Davis,2019-12-8,Houston,2016-11-05,D,5
2023-8-12,trx-222798531807,85551,William,Davis,william.davis@hotmail.com)x,11.0,5.0,19,Sandals,Footwear,,,True,,,9,29.99,no,Credit Card,,john wick,2018-7-10,Phoenix,2017-09-20,C,5
2023-12-20,trx-858619812615,85545,William,Taylor,william.taylor@hotmail.com>,10.0,6.0,6,Jeans,Clothing,,,,,,6,49.99,no,Cash,,Sophia Moore,2019-11-10,Oklahoma,2016-09-20,A,5
2023-5-1,trx-541754345731,85500,John,Davis,john.davis@yahoo.com ,5.0,2.0,27,Iron,Appliances,True,,,,,8,29.99,no,Credit Card,,David Wilson,2020-6-23,Los Angeles,2016-07-28,B,5
2022-1-22,trx-561189026025,85481,Emma,Wilson,emma.wilson@yahoo.com ,9.0,6.0,25,Washing Machine,Appliances,,,,,,10,499.99,no,Credit Card,,Daniel Martinez,2019-7-19,Oklahoma,2016-09-20,A,5
2023-8-6,trx-657296758614,85469,James,Smith,james.smith@hotmail.com]x,6.0,2.0,23,Toaster,Appliances,,,,,,1,39.99,no,Cash,,Emma Taylor,2018-8-9,Los Angeles,2016-07-28,B,5
2022-5-5,trx-541141048848,85555,James,Smith,"james.smith@yahoo.com""",1.0,5.0,26,Vacuum Cleaner,Appliances,,,,,True,3,199.99,no,Credit Card,,John Doe,2020-6-10,Phoenix,2017-09-20,C,5
2023-11-5,trx-697637424768,85492,Michael,Miller,michael.miller@gmail.com^,8.0,5.0,5,T-Shirt,Clothing,True,,,,,5,19.99,no,Credit Card,,Olivia Davis,2019-12-8,Phoenix,2017-09-20,C,5
2022-2-14,trx-303091819799,85488,Mia,Williams,mia.williams@hotmail.com]x,1.0,1.0,11,TV,Electronics,,,,,,2,899.99,no,Credit Card,,John Doe,2020-6-10,New York,2017-01-15,A,5
2023-12-14,trx-118682723975,85547,Emma,Miller,emma.miller@gmail.com%x,7.0,6.0,18,Boots,Footwear,,,,,,1,149.99,no,Credit Card,,Christopher Miller,2018-7-5,Oklahoma,2016-09-20,A,5
2022-2-14,trx-969678008705,85506,Sophia,Wilson,sophia.wilson@hotmail.com/,1.0,2.0,1,Laptop,Electronics,True,,,,,5,999.99,no,Credit Card,,John Doe,2020-6-10,Los Angeles,2016-07-28,B,5
2023-5-5,trx-037361887720,85534,Emma,Davis,emma.davis@gmail.comm,4.0,2.0,22,Coffee Maker,Appliances,,,,,,9,79.99,no,Cash,,Emily Brown,2018-11-12,Los Angeles,2016-07-28,B,5
2022-2-21,trx-542882168191,85528,John,Taylor,john.taylor@hotmail.com{,2.0,4.0,19,Sandals,Footwear,,,,,,2,29.99,no,Credit Card,,Jane Smith,2021-6-8,Houston,2016-11-05,D,5
2023-11-22,trx-613929663735,85546,William,Taylor,william.taylor@outlook.com$u,9.0,1.0,18,Boots,Footwear,,True,,,,6,149.99,no,Credit Card,,Daniel Martinez,2019-7-19,New York,2017-01-15,A,5
2022-6-20,trx-622509716905,85521,Olivia,Wilson,olivia.wilson@gmail.comm,8.0,6.0,19,Sandals,Footwear,,,,,,10,29.99,no,Cash,,Olivia Davis,2019-12-8,Oklahoma,2016-09-20,A,5
2023-12-1,trx-663054993287,85468,William,Moore,william.moore@outlook.com*,9.0,3.0,28,Hair Dryer,Appliances,,True,,,,6,19.99,no,Credit Card,,Daniel Martinez,2019-7-19,Chicago,2015-03-10,A,5
2023-9-17,trx-982291615985,85486,Emma,Moore,emma.moore@gmail.com%x,6.0,1.0,15,Hoodie,Clothing,,True,,,,10,29.99,no,Credit Card,,Emma Taylor,2018-8-9,New York,2017-01-15,A,5
2022-6-16,trx-551243998201,85470,Sophia,Smith,sophia.smith@yahoo.com\,11.0,4.0,19,Sandals,Footwear,,,,,,10,29.99,no,Cash,,john wick,2018-7-10,Houston,2016-11-05,D,5
2022-2-12,trx-741995323413,85534,Emma,Davis,emma.davis@gmail.com/,1.0,5.0,12,Monitor,Electronics,True,,,,,5,299.99,no,Credit Card,,John Doe,2020-6-10,Phoenix,2017-09-20,C,5
2022-5-21,trx-682596083515,85487,Emma,Davis,emma.davis@hotmail.com:,3.0,4.0,11,TV,Electronics,,True,,,,6,899.99,no,Cash,,Michael Johnson,2019-7-22,Houston,2016-11-05,D,5
2023-9-27,trx-398886320546,85501,Emma,Taylor,emma.taylor@gmail.com|,2.0,6.0,22,Coffee Maker,Appliances,True,,,,,1,79.99,no,Credit Card,,Jane Smith,2021-6-8,Oklahoma,2016-09-20,A,5
2022-11-9,trx-170394478259,85505,Sophia,Taylor,sophia.taylor@yahoo.com',4.0,5.0,25,Washing Machine,Appliances,,,,,,7,499.99,no,Credit Card,,Emily Brown,2018-11-12,Phoenix,2017-09-20,C,5
2023-8-10,trx-035329410024,85510,Mia,Davis,mia.davis@hotmail.com&,4.0,4.0,30,Electric Kettle,Appliances,,,,,,10,24.99,no,Credit Card,,Emily Brown,2018-11-12,Houston,2016-11-05,D,5
2022-5-28,trx-987527018425,85554,Ava,Wilson,ava.wilson@outlook.com$u,11.0,4.0,7,Dress,Clothing,,,,,,5,59.99,no,Cash,,john wick,2018-7-10,Houston,2016-11-05,D,5
2023-12-22,trx-888109194447,85508,Ava,Smith,ava.smith@gmail.com\,6.0,3.0,5,T-Shirt,Clothing,,,True,,,4,19.99,no,Cash,,Emma Taylor,2018-8-9,Chicago,2015-03-10,A,5
2023-1-28,trx-355253693626,85548,Mia,Johnson,mia.johnson@hotmail.com*,5.0,5.0,19,Sandals,Footwear,True,,,,,3,29.99,no,Credit Card,,David Wilson,2020-6-23,Phoenix,2017-09-20,C,5
2022-6-19,trx-244611176812,85503,Alexander,Miller,alexander.miller@outlook.com*,1.0,2.0,10,Sandals,Footwear,,,,,,5,39.99,no,Credit Card,,John Doe,2020-6-10,Los Angeles,2016-07-28,B,5
2022-2-12,trx-334194656402,85560,Emma,Johnson,emma.johnson@outlook.com/,7.0,2.0,19,Sandals,Footwear,,,,,,6,29.99,no,Credit Card,,Christopher Miller,2018-7-5,Los Angeles,2016-07-28,B,5
2023-3-7,trx-592024679513,85496,Alexander,Moore,alexander.moore@hotmail.com>,11.0,1.0,22,Coffee Maker,Appliances,,,,,,1,79.99,no,Credit Card,,john wick,2018-7-10,New York,2017-01-15,A,5
2022-1-6,trx-766159772730,85540,Sophia,Jones,sophia.jones@hotmail.com*,9.0,5.0,18,Boots,Footwear,,,,,,6,149.99,no,Cash,,Daniel Martinez,2019-7-19,Phoenix,2017-09-20,C,5
2023-4-25,trx-808367255609,85465,Sophia,Wilson,sophia.wilson@hotmail.com%x,11.0,5.0,26,Vacuum Cleaner,Appliances,,,,,,3,199.99,no,Cash,,john wick,2018-7-10,Phoenix,2017-09-20,C,5
2023-4-9,trx-798139699578,85476,Alexander,Taylor,alexander.taylor@yahoo.com<,2.0,2.0,28,Hair Dryer,Appliances,,,,,,1,19.99,no,Cash,,Jane Smith,2021-6-8,Los Angeles,2016-07-28,B,5
2022-10-13,trx-746875777534,85544,Ava,Johnson,ava.johnson@gmail.com)x,2.0,2.0,16,Skirt,Clothing,,,,,,3,39.99,no,Cash,,Jane Smith,2021-6-8,Los Angeles,2016-07-28,B,5
2022-11-1,trx-665846343525,85474,Sophia,Davis,sophia.davis@gmail.com>,8.0,6.0,11,TV,Electronics,,,,True,,1,899.99,no,Cash,,Olivia Davis,2019-12-8,Oklahoma,2016-09-20,A,5
2023-8-18,trx-257486055233,85479,Sophia,Davis,sophia.davis@hotmail.com<,1.0,2.0,18,Boots,Footwear,,,True,,,5,149.99,no,Cash,,John Doe,2020-6-10,Los Angeles,2016-07-28,B,5
2022-7-27,trx-855076016182,85546,William,Taylor,william.taylor@outlook.com&,1.0,3.0,26,Vacuum Cleaner,Appliances,,,,,,6,199.99,no,Cash,,John Doe,2020-6-10,Chicago,2015-03-10,A,5
2022-6-13,trx-523612144838,85512,James,Wilson,james.wilson@yahoo.com/,9.0,4.0,2,Smartphone,Electronics,,,,,,9,699.99,no,Credit Card,,Daniel Martinez,2019-7-19,Houston,2016-11-05,D,5
2022-6-24,trx-677798801320,85509,Ava,Taylor,ava.taylor@hotmail.com*,4.0,4.0,16,Skirt,Clothing,,,,,,6,39.99,no,Credit Card,,Emily Brown,2018-11-12,Houston,2016-11-05,D,5
2022-1-12,trx-201883691103,85489,Emma,Wilson,emma.wilson@gmail.com$u,9.0,6.0,3,Tablet,Electronics,,,,,True,9,299.99,no,Cash,,Daniel Martinez,2019-7-19,Oklahoma,2016-09-20,A,5
2023-12-8,trx-071684025981,85522,Emma,Jones,emma.jones@hotmail.com&,8.0,4.0,21,Microwave,Appliances,,,True,,,7,129.99,no,Cash,,Olivia Davis,2019-12-8,Houston,2016-11-05,D,5
2023-2-11,trx-087409228056,85527,William,Taylor,william.taylor@hotmail.comm,9.0,2.0,9,Boots,Footwear,,,,,,1,129.99,no,Credit Card,,Daniel Martinez,2019-7-19,Los Angeles,2016-07-28,B,5
2023-10-25,trx-997778821477,85537,Ava,Miller,ava.miller@yahoo.com#4r,6.0,1.0,13,Printer,Electronics,,,,,True,6,149.99,no,Credit Card,,Emma Taylor,2018-8-9,New York,2017-01-15,A,5
2023-1-17,trx-838782965041,85544,Ava,Johnson,ava.johnson@gmail.com\,10.0,3.0,17,Blouse,Clothing,,,,,,9,29.99,no,Credit Card,,Sophia Moore,2019-11-10,Chicago,2015-03-10,A,5
2023-6-2,trx-546265618997,85527,William,Taylor,william.taylor@hotmail.com(,4.0,4.0,21,Microwave,Appliances,,,,True,,10,129.99,no,Credit Card,,Emily Brown,2018-11-12,Houston,2016-11-05,D,5
2023-2-23,trx-147853551124,85464,Emma,Williams,emma.williams@hotmail.com{,10.0,2.0,27,Iron,Appliances,,,,,True,9,29.99,no,Credit Card,,Sophia Moore,2019-11-10,Los Angeles,2016-07-28,B,5
2023-9-12,trx-853706151452,85493,James,Jones,"james.jones@gmail.com""",9.0,3.0,1,Laptop,Electronics,,True,,,,7,999.99,no,Cash,,Daniel Martinez,2019-7-19,Chicago,2015-03-10,A,5
2023-3-16,trx-142244064389,85543,James,Williams,james.williams@gmail.com%x,9.0,1.0,7,Dress,Clothing,True,,,,,5,59.99,no,Cash,,Daniel Martinez,2019-7-19,New York,2017-01-15,A,5
2023-12-15,trx-028011816649,85488,Mia,Williams,mia.williams@hotmail.com]x,7.0,4.0,4,Headphones,Electronics,,,,,,7,99.99,no,Credit Card,,Christopher Miller,2018-7-5,Houston,2016-11-05,D,5
2022-10-17,trx-230067375380,85493,James,Jones,"james.jones@gmail.com""",6.0,2.0,6,Jeans,Clothing,,,,,True,4,49.99,no,Credit Card,,Emma Taylor,2018-8-9,Los Angeles,2016-07-28,B,5
2023-4-12,trx-635698402807,85541,John,Brown,john.brown@hotmail.com{,7.0,6.0,25,Washing Machine,Appliances,,,,,,1,499.99,no,Cash,,Christopher Miller,2018-7-5,Oklahoma,2016-09-20,A,5
2023-6-27,trx-043236377792,85558,Emma,Moore,emma.moore@hotmail.com#4r,4.0,3.0,12,Monitor,Electronics,,,,,,9,299.99,no,Credit Card,,Emily Brown,2018-11-12,Chicago,2015-03-10,A,5
2023-11-7,trx-846555148547,85505,Sophia,Taylor,sophia.taylor@yahoo.com:,1.0,6.0,9,Boots,Footwear,,,,,,10,129.99,no,Credit Card,,John Doe,2020-6-10,Oklahoma,2016-09-20,A,5
2022-3-18,trx-285671379329,85462,James,Wilson,james.wilson@outlook.com]x,10.0,2.0,28,Hair Dryer,Appliances,,,,,,1,19.99,no,Credit Card,,Sophia Moore,2019-11-10,Los Angeles,2016-07-28,B,5
2023-4-10,trx-142729023473,85516,Mia,Miller,mia.miller@hotmail.com&,8.0,3.0,25,Washing Machine,Appliances,,,,,True,3,499.99,no,Cash,,Olivia Davis,2019-12-8,Chicago,2015-03-10,A,5
2022-1-20,trx-231068335758,85495,Michael,Johnson,michael.johnson@gmail.com',3.0,6.0,18,Boots,Footwear,,,,,,9,149.99,no,Credit Card,,Michael Johnson,2019-7-22,Oklahoma,2016-09-20,A,5
2023-1-10,trx-583220728453,85481,Emma,Wilson,emma.wilson@yahoo.com{,6.0,4.0,19,Sandals,Footwear,,,True,,,3,29.99,no,Credit Card,,Emma Taylor,2018-8-9,Houston,2016-11-05,D,5
2022-11-28,trx-008261068380,85502,Ava,Wilson,ava.wilson@hotmail.com]x,5.0,4.0,9,Boots,Footwear,,,,True,,10,129.99,no,Cash,,David Wilson,2020-6-23,Houston,2016-11-05,D,5
2022-11-9,trx-737253963172,85518,Alexander,Davis,alexander.davis@yahoo.com',1.0,3.0,8,Sneakers,Footwear,,,,True,,4,79.99,no,Credit Card,,John Doe,2020-6-10,Chicago,2015-03-10,A,5
2022-10-7,trx-461772070638,85537,Ava,Miller,ava.miller@yahoo.com<,8.0,1.0,22,Coffee Maker,Appliances,,,,,,10,79.99,no,Cash,,Olivia Davis,2019-12-8,New York,2017-01-15,A,5
2023-3-8,trx-948370981623,85540,Sophia,Jones,sophia.jones@hotmail.com&,11.0,5.0,8,Sneakers,Footwear,,,,,,7,79.99,no,Credit Card,,john wick,2018-7-10,Phoenix,2017-09-20,C,5
2023-2-3,trx-464082308845,85490,Sophia,Johnson,sophia.johnson@yahoo.com[,1.0,1.0,3,Tablet,Electronics,,,,,,7,299.99,no,Cash,,John Doe,2020-6-10,New York,2017-01-15,A,5
2023-1-21,trx-989146639190,85560,Emma,Johnson,emma.johnson@outlook.com%x,5.0,1.0,26,Vacuum Cleaner,Appliances,,,,,,3,199.99,no,Credit Card,,David Wilson,2020-6-23,New York,2017-01-15,A,5
2023-8-20,trx-538383838216,85467,Sophia,Wilson,sophia.wilson@yahoo.com^,1.0,6.0,12,Monitor,Electronics,,,,,,2,299.99,no,Cash,,John Doe,2020-6-10,Oklahoma,2016-09-20,A,5
2023-12-18,trx-357764664047,85527,William,Taylor,william.taylor@hotmail.com$u,1.0,2.0,7,Dress,Clothing,,,,True,,4,59.99,no,Credit Card,,John Doe,2020-6-10,Los Angeles,2016-07-28,B,5
2022-2-27,trx-624109215135,85559,Olivia,Moore,olivia.moore@gmail.com ,5.0,1.0,4,Headphones,Electronics,,,,,,10,99.99,no,Cash,,David Wilson,2020-6-23,New York,2017-01-15,A,5
2023-12-3,trx-008851540904,85529,James,Wilson,james.wilson@hotmail.com>,3.0,6.0,3,Tablet,Electronics,,True,,,,9,299.99,no,Cash,,Michael Johnson,2019-7-22,Oklahoma,2016-09-20,A,5
2023-7-3,trx-572971042602,85552,John,Wilson,john.wilson@yahoo.com|,8.0,2.0,13,Printer,Electronics,,,,,,1,149.99,no,Cash,,Olivia Davis,2019-12-8,Los Angeles,2016-07-28,B,5
2022-8-25,trx-020831729674,85515,James,Miller,james.miller@gmail.com<,8.0,2.0,9,Boots,Footwear,,,,,,9,129.99,no,Credit Card,,Olivia Davis,2019-12-8,Los Angeles,2016-07-28,B,5
2022-7-18,trx-452003826274,85485,James,Johnson,james.johnson@hotmail.com}4,3.0,6.0,3,Tablet,Electronics,,,,,True,5,299.99,no,Credit Card,,Michael Johnson,2019-7-22,Oklahoma,2016-09-20,A,5
2023-6-23,trx-781008106746,85497,Michael,Williams,michael.williams@yahoo.com ,1.0,2.0,29,Hair Straightener,Appliances,,,,,True,2,39.99,no,Cash,,John Doe,2020-6-10,Los Angeles,2016-07-28,B,5
2023-1-19,trx-225343405919,85469,James,Smith,james.smith@hotmail.com^,10.0,4.0,15,Hoodie,Clothing,,,,,,5,29.99,no,Cash,,Sophia Moore,2019-11-10,Houston,2016-11-05,D,5
2023-9-3,trx-634450112261,85504,Sophia,Wilson,sophia.wilson@hotmail.com>,1.0,6.0,11,TV,Electronics,,,,,,1,899.99,no,Credit Card,,John Doe,2020-6-10,Oklahoma,2016-09-20,A,5
2022-2-14,trx-903290635835,85503,Alexander,Miller,alexander.miller@outlook.com]x,1.0,2.0,25,Washing Machine,Appliances,True,,,,,2,499.99,no,Cash,,John Doe,2020-6-10,Los Angeles,2016-07-28,B,5
2023-12-26,trx-290166413734,85488,Mia,Williams,mia.williams@hotmail.com[,1.0,2.0,25,Washing Machine,Appliances,,True,,,,9,499.99,no,Cash,,John Doe,2020-6-10,Los Angeles,2016-07-28,B,5
2022-5-8,trx-687821179730,85466,James,Williams,james.williams@yahoo.com>,6.0,6.0,26,Vacuum Cleaner,Appliances,,,,,,10,199.99,no,Cash,,Emma Taylor,2018-8-9,Oklahoma,2016-09-20,A,5
2023-3-9,trx-452619963373,85481,Emma,Wilson,emma.wilson@yahoo.com:,9.0,6.0,3,Tablet,Electronics,,,,,,10,299.99,no,Credit Card,,Daniel Martinez,2019-7-19,Oklahoma,2016-09-20,A,5
2023-8-15,trx-747336401392,85508,Ava,Smith,ava.smith@gmail.com<,8.0,2.0,1,Laptop,Electronics,,,,,True,7,999.99,no,Credit Card,,Olivia Davis,2019-12-8,Los Angeles,2016-07-28,B,5
2022-2-23,trx-395258622299,85548,Mia,Johnson,mia.johnson@hotmail.com<,1.0,2.0,14,Camera,Electronics,,,,True,,6,399.99,no,Cash,,John Doe,2020-6-10,Los Angeles,2016-07-28,B,5
2023-3-25,trx-531005191501,85485,James,Johnson,james.johnson@hotmail.com&,10.0,3.0,20,Heels,Footwear,,,,,,8,59.99,no,Cash,,Sophia Moore,2019-11-10,Chicago,2015-03-10,A,5
2022-9-14,trx-076258058685,85549,John,Williams,john.williams@hotmail.com{,9.0,3.0,26,Vacuum Cleaner,Appliances,,,,,,8,199.99,no,Cash,,Daniel Martinez,2019-7-19,Chicago,2015-03-10,A,5
2022-5-27,trx-402797507605,85473,Alexander,Moore,alexander.moore@gmail.com*,2.0,1.0,26,Vacuum Cleaner,Appliances,,,,,,8,199.99,no,Credit Card,,Jane Smith,2021-6-8,New York,2017-01-15,A,5
2023-12-28,trx-410362585927,85508,Ava,Smith,ava.smith@gmail.com&,1.0,1.0,27,Iron,Appliances,,,,,True,4,29.99,no,Cash,,John Doe,2020-6-10,New York,2017-01-15,A,5
2023-2-16,trx-927348165734,85537,Ava,Miller,ava.miller@yahoo.com]x,6.0,2.0,3,Tablet,Electronics,,,,,,9,299.99,no,Cash,,Emma Taylor,2018-8-9,Los Angeles,2016-07-28,B,5
2023-11-10,trx-549827031784,85484,James,Taylor,james.taylor@yahoo.com<,1.0,4.0,13,Printer,Electronics,,True,,,,4,149.99,no,Credit Card,,John Doe,2020-6-10,Houston,2016-11-05,D,5
2022-6-27,trx-891348312617,85514,Ava,Davis,ava.davis@hotmail.com^,2.0,1.0,22,Coffee Maker,Appliances,,,,,True,10,79.99,no,Cash,,Jane Smith,2021-6-8,New York,2017-01-15,A,5
2023-5-1,trx-870005140937,85496,Alexander,Moore,alexander.moore@hotmail.com ,10.0,6.0,24,Blender,Appliances,True,,,,,5,49.99,no,Credit Card,,Sophia Moore,2019-11-10,Oklahoma,2016-09-20,A,5
2023-1-26,trx-808057950992,85540,Sophia,Jones,sophia.jones@hotmail.com>,5.0,2.0,2,Smartphone,Electronics,,,,,True,5,699.99,no,Cash,,David Wilson,2020-6-23,Los Angeles,2016-07-28,B,5
2022-12-7,trx-630424202405,85541,John,Brown,john.brown@hotmail.com ,1.0,1.0,13,Printer,Electronics,,,,,,6,149.99,no,Credit Card,,John Doe,2020-6-10,New York,2017-01-15,A,5
2023-10-20,trx-066088405429,85522,Emma,Jones,emma.jones@hotmail.com*,6.0,4.0,7,Dress,Clothing,,,,,,9,59.99,no,Cash,,Emma Taylor,2018-8-9,Houston,2016-11-05,D,5
2023-3-24,trx-906767764349,85486,Emma,Moore,emma.moore@gmail.com|,6.0,5.0,12,Monitor,Electronics,True,,,,,6,299.99,no,Credit Card,,Emma Taylor,2018-8-9,Phoenix,2017-09-20,C,5
2022-10-12,trx-166426341139,85477,John,Jones,john.jones@gmail.com',3.0,5.0,27,Iron,Appliances,,,,True,,10,29.99,no,Cash,,Michael Johnson,2019-7-22,Phoenix,2017-09-20,C,5
2023-1-28,trx-328755179276,85514,Ava,Davis,ava.davis@hotmail.com[,9.0,1.0,19,Sandals,Footwear,,,,,,6,29.99,no,Cash,,Daniel Martinez,2019-7-19,New York,2017-01-15,A,5
2023-6-20,trx-194174157054,85490,Sophia,Johnson,sophia.johnson@yahoo.comm,5.0,5.0,7,Dress,Clothing,,,,,True,4,59.99,no,Cash,,David Wilson,2020-6-23,Phoenix,2017-09-20,C,5
2023-10-12,trx-182713144511,85514,Ava,Davis,ava.davis@hotmail.com#4r,4.0,6.0,6,Jeans,Clothing,,,,,,2,49.99,no,Cash,,Emily Brown,2018-11-12,Oklahoma,2016-09-20,A,5
2023-8-1,trx-910020071506,85558,Emma,Moore,emma.moore@hotmail.com/,7.0,6.0,25,Washing Machine,Appliances,,,,,,9,499.99,no,Credit Card,,Christopher Miller,2018-7-5,Oklahoma,2016-09-20,A,5
2022-7-20,trx-151426473815,85504,Sophia,Wilson,sophia.wilson@hotmail.com>,9.0,5.0,22,Coffee Maker,Appliances,,,,,,2,79.99,no,Cash,,Daniel Martinez,2019-7-19,Phoenix,2017-09-20,C,5
2022-7-16,trx-225467956463,85529,James,Wilson,james.wilson@hotmail.com{,1.0,2.0,17,Blouse,Clothing,,True,,,,3,29.99,no,Credit Card,,John Doe,2020-6-10,Los Angeles,2016-07-28,B,5
2023-10-2,trx-214390255038,85470,Sophia,Smith,sophia.smith@yahoo.com*,3.0,2.0,23,Toaster,Appliances,,,,,,7,39.99,no,Credit Card,,Michael Johnson,2019-7-22,Los Angeles,2016-07-28,B,5
2022-6-8,trx-963676298129,85518,Alexander,Davis,alexander.davis@yahoo.com{,1.0,5.0,16,Skirt,Clothing,,,,,,7,39.99,no,Cash,,John Doe,2020-6-10,Phoenix,2017-09-20,C,5
2022-10-4,trx-838203569157,85496,Alexander,Moore,alexander.moore@hotmail.com%x,4.0,2.0,8,Sneakers,Footwear,,,,True,,10,79.99,no,Credit Card,,Emily Brown,2018-11-12,Los Angeles,2016-07-28,B,5
2023-8-24,trx-783584713839,85531,Sophia,Taylor,sophia.taylor@hotmail.com*,2.0,1.0,15,Hoodie,Clothing,True,,,,,6,29.99,no,Cash,,Jane Smith,2021-6-8,New York,2017-01-15,A,5
2022-3-5,trx-264054965457,85539,Sophia,Miller,sophia.miller@gmail.com<,4.0,2.0,22,Coffee Maker,Appliances,True,,,,,6,79.99,no,Credit Card,,Emily Brown,2018-11-12,Los Angeles,2016-07-28,B,5
2022-12-3,trx-895528889179,85537,Ava,Miller,ava.miller@yahoo.com|,7.0,2.0,1,Laptop,Electronics,,,,,,8,999.99,no,Cash,,Christopher Miller,2018-7-5,Los Angeles,2016-07-28,B,5
2023-1-10,trx-529412420089,85478,John,Johnson,john.johnson@hotmail.com}4,1.0,2.0,17,Blouse,Clothing,,,,True,,9,29.99,no,Cash,,John Doe,2020-6-10,Los Angeles,2016-07-28,B,5
2023-1-28,trx-929593628697,85504,Sophia,Wilson,sophia.wilson@hotmail.comm,10.0,4.0,1,Laptop,Electronics,True,,,,,6,999.99,no,Credit Card,,Sophia Moore,2019-11-10,Houston,2016-11-05,D,5
2022-9-2,trx-207665104087,85512,James,Wilson,james.wilson@yahoo.com%x,10.0,3.0,25,Washing Machine,Appliances,,,,True,,3,499.99,no,Cash,,Sophia Moore,2019-11-10,Chicago,2015-03-10,A,5
2023-7-26,trx-603142717986,85462,James,Wilson,james.wilson@outlook.com/,7.0,3.0,22,Coffee Maker,Appliances,,,True,,,2,79.99,no,Cash,,Christopher Miller,2018-7-5,Chicago,2015-03-10,A,5
2022-1-11,trx-299189636253,85471,Olivia,Wilson,olivia.wilson@outlook.com:,2.0,3.0,30,Electric Kettle,Appliances,,True,,,,3,24.99,no,Credit Card,,Jane Smith,2021-6-8,Chicago,2015-03-10,A,5
2023-10-19,trx-436039592855,85527,William,Taylor,william.taylor@hotmail.com)x,3.0,3.0,9,Boots,Footwear,,,,,,6,129.99,no,Cash,,Michael Johnson,2019-7-22,Chicago,2015-03-10,A,5
2022-5-20,trx-540039972920,85545,William,Taylor,william.taylor@hotmail.com ,8.0,5.0,27,Iron,Appliances,,,,,,4,29.99,no,Cash,,Olivia Davis,2019-12-8,Phoenix,2017-09-20,C,5
2022-9-3,trx-300312444355,85483,Emma,Miller,emma.miller@hotmail.com ,6.0,3.0,9,Boots,Footwear,,,,,,9,129.99,no,Cash,,Emma Taylor,2018-8-9,Chicago,2015-03-10,A,5
2023-2-10,trx-405178654184,85552,John,Wilson,john.wilson@yahoo.com|,6.0,4.0,25,Washing Machine,Appliances,,,,,,5,499.99,no,Credit Card,,Emma Taylor,2018-8-9,Houston,2016-11-05,D,5
2022-4-24,trx-801185663591,85546,William,Taylor,william.taylor@outlook.com|,9.0,2.0,30,Electric Kettle,Appliances,,,,,,4,24.99,no,Credit Card,,Daniel Martinez,2019-7-19,Los Angeles,2016-07-28,B,5
2022-7-4,trx-029286617166,85521,Olivia,Wilson,olivia.wilson@gmail.com&,10.0,6.0,12,Monitor,Electronics,True,,,,,7,299.99,no,Credit Card,,Sophia Moore,2019-11-10,Oklahoma,2016-09-20,A,5
2022-8-9,trx-125675347516,85507,Olivia,Smith,olivia.smith@hotmail.com;,3.0,6.0,25,Washing Machine,Appliances,,,,True,,7,499.99,no,Credit Card,,Michael Johnson,2019-7-22,Oklahoma,2016-09-20,A,5
2023-8-9,trx-656704078249,85525,Emma,Wilson,emma.wilson@yahoo.com\,4.0,6.0,27,Iron,Appliances,,,,,,8,29.99,no,Credit Card,,Emily Brown,2018-11-12,Oklahoma,2016-09-20,A,5
2023-2-27,trx-584972883415,85478,John,Johnson,john.johnson@hotmail.com}4,5.0,3.0,14,Camera,Electronics,,True,,,,10,399.99,no,Cash,,David Wilson,2020-6-23,Chicago,2015-03-10,A,5
2022-10-18,trx-296346567458,85474,Sophia,Davis,sophia.davis@gmail.com^,3.0,3.0,9,Boots,Footwear,,True,,,,8,129.99,no,Cash,,Michael Johnson,2019-7-22,Chicago,2015-03-10,A,5
2022-8-13,trx-560601711270,85529,James,Wilson,"james.wilson@hotmail.com""",2.0,1.0,15,Hoodie,Clothing,,,,,,3,29.99,no,Cash,,Jane Smith,2021-6-8,New York,2017-01-15,A,5
2023-3-8,trx-163374969384,85464,Emma,Williams,emma.williams@hotmail.com;,11.0,1.0,27,Iron,Appliances,,True,,,,6,29.99,no,Credit Card,,john wick,2018-7-10,New York,2017-01-15,A,5
2022-9-4,trx-250400404909,85527,William,Taylor,william.taylor@hotmail.com}4,11.0,2.0,6,Jeans,Clothing,,,,,,8,49.99,no,Credit Card,,john wick,2018-7-10,Los Angeles,2016-07-28,B,5
2023-7-9,trx-557094378932,85504,Sophia,Wilson,sophia.wilson@hotmail.com^,6.0,4.0,17,Blouse,Clothing,,,True,,,9,29.99,no,Cash,,Emma Taylor,2018-8-9,Houston,2016-11-05,D,5
2023-2-21,trx-888962753276,85533,Ava,Johnson,ava.johnson@hotmail.com)x,10.0,3.0,25,Washing Machine,Appliances,,,,True,,1,499.99,no,Cash,,Sophia Moore,2019-11-10,Chicago,2015-03-10,A,5
2023-7-25,trx-508241406138,85468,William,Moore,william.moore@outlook.com*,1.0,3.0,13,Printer,Electronics,,,,,,1,149.99,no,Cash,,John Doe,2020-6-10,Chicago,2015-03-10,A,5
2023-3-2,trx-732718089009,85516,Mia,Miller,mia.miller@hotmail.com>,7.0,1.0,19,Sandals,Footwear,,,,,,2,29.99,no,Cash,,Christopher Miller,2018-7-5,New York,2017-01-15,A,5
2023-1-22,trx-585196597057,85483,Emma,Miller,emma.miller@hotmail.comm,4.0,1.0,25,Washing Machine,Appliances,,,,True,,3,499.99,no,Credit Card,,Emily Brown,2018-11-12,New York,2017-01-15,A,5
2023-11-26,trx-918237981927,85528,John,Taylor,john.taylor@hotmail.com|,5.0,6.0,30,Electric Kettle,Appliances,,,,,,1,24.99,no,Credit Card,,David Wilson,2020-6-23,Oklahoma,2016-09-20,A,5
2022-10-24,trx-426090845957,85512,James,Wilson,james.wilson@yahoo.com#4r,10.0,6.0,11,TV,Electronics,,,,,,10,899.99,no,Cash,,Sophia Moore,2019-11-10,Oklahoma,2016-09-20,A,5
2023-4-26,trx-125197302098,85504,Sophia,Wilson,sophia.wilson@hotmail.com|,6.0,3.0,19,Sandals,Footwear,,,,,,1,29.99,no,Credit Card,,Emma Taylor,2018-8-9,Chicago,2015-03-10,A,5
2022-7-14,trx-096909766965,85523,Sophia,Smith,sophia.smith@hotmail.com/,7.0,5.0,14,Camera,Electronics,True,,,,,4,399.99,no,Credit Card,,Christopher Miller,2018-7-5,Phoenix,2017-09-20,C,5
2022-3-17,trx-020780510739,85534,Emma,Davis,emma.davis@gmail.com/,3.0,1.0,8,Sneakers,Footwear,,,,,,1,79.99,no,Credit Card,,Michael Johnson,2019-7-22,New York,2017-01-15,A,5
2022-8-11,trx-320968139520,85483,Emma,Miller,emma.miller@hotmail.com}4,3.0,4.0,27,Iron,Appliances,,,,,,8,29.99,no,Credit Card,,Michael Johnson,2019-7-22,Houston,2016-11-05,D,5
2023-2-19,trx-235005692268,85545,William,Taylor,"william.taylor@hotmail.com""",3.0,3.0,24,Blender,Appliances,,,,,,7,49.99,no,Cash,,Michael Johnson,2019-7-22,Chicago,2015-03-10,A,5
2023-7-8,trx-202460685334,85483,Emma,Miller,emma.miller@hotmail.com^,11.0,1.0,18,Boots,Footwear,,,,,True,2,149.99,no,Cash,,john wick,2018-7-10,New York,2017-01-15,A,5
2023-9-19,trx-826356513073,85505,Sophia,Taylor,sophia.taylor@yahoo.com%x,5.0,2.0,29,Hair Straightener,Appliances,,,True,,,4,39.99,no,Credit Card,,David Wilson,2020-6-23,Los Angeles,2016-07-28,B,5
2023-8-4,trx-819043664226,85509,Ava,Taylor,ava.taylor@hotmail.com$u,9.0,3.0,19,Sandals,Footwear,,,,,,3,29.99,no,Credit Card,,Daniel Martinez,2019-7-19,Chicago,2015-03-10,A,5
2023-6-14,trx-099929443658,85463,Mia,Wilson,mia.wilson@hotmail.comm,1.0,1.0,19,Sandals,Footwear,,,,True,,2,29.99,no,Cash,,John Doe,2020-6-10,New York,2017-01-15,A,5
2023-7-16,trx-954391579235,85528,John,Taylor,john.taylor@hotmail.com)x,4.0,2.0,22,Coffee Maker,Appliances,,True,,,,9,79.99,no,Credit Card,,Emily Brown,2018-11-12,Los Angeles,2016-07-28,B,5
2023-4-14,trx-779679941025,85492,Michael,Miller,michael.miller@gmail.com)x,8.0,1.0,10,Sandals,Footwear,,,True,,,10,39.99,no,Credit Card,,Olivia Davis,2019-12-8,New York,2017-01-15,A,5
2023-2-22,trx-813874327703,85485,James,Johnson,james.johnson@hotmail.com)x,7.0,4.0,22,Coffee Maker,Appliances,,,,,,9,79.99,no,Cash,,Christopher Miller,2018-7-5,Houston,2016-11-05,D,5
2023-10-6,trx-533294355072,85488,Mia,Williams,mia.williams@hotmail.com{,4.0,2.0,29,Hair Straightener,Appliances,,,,,,7,39.99,no,Credit Card,,Emily Brown,2018-11-12,Los Angeles,2016-07-28,B,5
2022-12-24,trx-437114795534,85539,Sophia,Miller,sophia.miller@gmail.com\,3.0,3.0,2,Smartphone,Electronics,,,,,,7,699.99,no,Credit Card,,Michael Johnson,2019-7-22,Chicago,2015-03-10,A,5
2022-5-17,trx-061298156464,85464,Emma,Williams,emma.williams@hotmail.com%x,3.0,6.0,2,Smartphone,Electronics,,True,,,,10,699.99,no,Credit Card,,Michael Johnson,2019-7-22,Oklahoma,2016-09-20,A,5
2023-5-22,trx-661729021100,85483,Emma,Miller,emma.miller@hotmail.com;,5.0,6.0,16,Skirt,Clothing,,,,,,7,39.99,no,Credit Card,,David Wilson,2020-6-23,Oklahoma,2016-09-20,A,5
2022-3-25,trx-800140196842,85491,John,Taylor,john.taylor@outlook.com|,11.0,5.0,2,Smartphone,Electronics,,,,,,1,699.99,no,Credit Card,,john wick,2018-7-10,Phoenix,2017-09-20,C,5
2023-9-15,trx-710089458018,85487,Emma,Davis,emma.davis@hotmail.comm,10.0,4.0,23,Toaster,Appliances,,,,,,3,39.99,no,Cash,,Sophia Moore,2019-11-10,Houston,2016-11-05,D,5
2022-12-11,trx-195017995878,85502,Ava,Wilson,ava.wilson@hotmail.com:,4.0,3.0,18,Boots,Footwear,,,,,,7,149.99,no,Cash,,Emily Brown,2018-11-12,Chicago,2015-03-10,A,5
2023-3-14,trx-978851931421,85483,Emma,Miller,emma.miller@hotmail.com ,8.0,5.0,6,Jeans,Clothing,,,,,,4,49.99,no,Cash,,Olivia Davis,2019-12-8,Phoenix,2017-09-20,C,5
2023-12-8,trx-470294515374,85505,Sophia,Taylor,sophia.taylor@yahoo.com]x,9.0,3.0,23,Toaster,Appliances,,,,,,1,39.99,no,Cash,,Daniel Martinez,2019-7-19,Chicago,2015-03-10,A,5
2022-4-6,trx-788039696818,85462,James,Wilson,james.wilson@outlook.com{,5.0,6.0,28,Hair Dryer,Appliances,True,,,,,8,19.99,no,Credit Card,,David Wilson,2020-6-23,Oklahoma,2016-09-20,A,5
2023-2-9,trx-017302140473,85556,William,Smith,william.smith@outlook.com;,4.0,5.0,5,T-Shirt,Clothing,,,,,,6,19.99,no,Credit Card,,Emily Brown,2018-11-12,Phoenix,2017-09-20,C,5
2022-1-3,trx-501491023555,85497,Michael,Williams,michael.williams@yahoo.com$u,4.0,2.0,6,Jeans,Clothing,,,True,,,1,49.99,no,Credit Card,,Emily Brown,2018-11-12,Los Angeles,2016-07-28,B,5
2022-4-25,trx-429262684345,85488,Mia,Williams,mia.williams@hotmail.com[,6.0,5.0,11,TV,Electronics,,,,,,7,899.99,no,Cash,,Emma Taylor,2018-8-9,Phoenix,2017-09-20,C,5
2022-12-17,trx-973672724388,85502,Ava,Wilson,ava.wilson@hotmail.com%x,9.0,6.0,23,Toaster,Appliances,,,True,,,5,39.99,no,Cash,,Daniel Martinez,2019-7-19,Oklahoma,2016-09-20,A,5
2023-6-14,trx-850645889983,85513,James,Williams,james.williams@hotmail.com:,5.0,4.0,25,Washing Machine,Appliances,,,True,,,9,499.99,no,Credit Card,,David Wilson,2020-6-23,Houston,2016-11-05,D,5
2022-12-21,trx-074323715849,85462,James,Wilson,james.wilson@outlook.com{,3.0,1.0,29,Hair Straightener,Appliances,,,True,,,8,39.99,no,Credit Card,,Michael Johnson,2019-7-22,New York,2017-01-15,A,5
2023-7-1,trx-495401230251,85469,James,Smith,james.smith@hotmail.com#4r,2.0,1.0,2,Smartphone,Electronics,,,,True,,7,699.99,no,Cash,,Jane Smith,2021-6-8,New York,2017-01-15,A,5
2022-10-3,trx-954969590780,85472,Alexander,Wilson,alexander.wilson@outlook.com]x,1.0,1.0,17,Blouse,Clothing,True,,,,,8,29.99,no,Cash,,John Doe,2020-6-10,New York,2017-01-15,A,5
2023-8-18,trx-170822330537,85486,Emma,Moore,emma.moore@gmail.com&,2.0,1.0,7,Dress,Clothing,,,,,,7,59.99,no,Credit Card,,Jane Smith,2021-6-8,New York,2017-01-15,A,5
2023-6-22,trx-395029266786,85531,Sophia,Taylor,sophia.taylor@hotmail.com|,6.0,2.0,5,T-Shirt,Clothing,,True,,,,7,19.99,no,Cash,,Emma Taylor,2018-8-9,Los Angeles,2016-07-28,B,5
2022-5-26,trx-924335097661,85468,William,Moore,william.moore@outlook.com*,10.0,3.0,10,Sandals,Footwear,,,,,,4,39.99,no,Credit Card,,Sophia Moore,2019-11-10,Chicago,2015-03-10,A,5
2022-7-7,trx-203990326718,85537,Ava,Miller,ava.miller@yahoo.com)x,6.0,4.0,20,Heels,Footwear,,,True,,,3,59.99,no,Cash,,Emma Taylor,2018-8-9,Houston,2016-11-05,D,5
2023-2-5,trx-879995756996,85511,Olivia,Davis,olivia.davis@outlook.com>,6.0,4.0,24,Blender,Appliances,,,,,,9,49.99,no,Cash,,Emma Taylor,2018-8-9,Houston,2016-11-05,D,5
2023-11-25,trx-655239870706,85514,Ava,Davis,ava.davis@hotmail.com}4,2.0,3.0,16,Skirt,Clothing,,,,,,2,39.99,no,Cash,,Jane Smith,2021-6-8,Chicago,2015-03-10,A,5
2022-1-27,trx-230435160539,85483,Emma,Miller,emma.miller@hotmail.com&,1.0,5.0,1,Laptop,Electronics,,,,,,9,999.99,no,Cash,,John Doe,2020-6-10,Phoenix,2017-09-20,C,5
2023-9-7,trx-137659274888,85497,Michael,Williams,michael.williams@yahoo.com$u,7.0,4.0,8,Sneakers,Footwear,,True,,,,5,79.99,no,Credit Card,,Christopher Miller,2018-7-5,Houston,2016-11-05,D,5
2023-6-4,trx-991053861932,85472,Alexander,Wilson,alexander.wilson@outlook.comm,3.0,3.0,13,Printer,Electronics,,,,,,6,149.99,no,Cash,,Michael Johnson,2019-7-22,Chicago,2015-03-10,A,5
2022-5-17,trx-171983888559,85535,Olivia,Johnson,olivia.johnson@yahoo.com]x,8.0,2.0,20,Heels,Footwear,,,,,,2,59.99,no,Cash,,Olivia Davis,2019-12-8,Los Angeles,2016-07-28,B,5
2023-8-23,trx-010072373244,85494,Sophia,Moore,sophia.moore@gmail.com)x,10.0,6.0,27,Iron,Appliances,,,,,,1,29.99,no,Credit Card,,Sophia Moore,2019-11-10,Oklahoma,2016-09-20,A,5
2023-10-15,trx-861902124259,85473,Alexander,Moore,alexander.moore@gmail.com[,6.0,6.0,16,Skirt,Clothing,,,,,,7,39.99,no,Credit Card,,Emma Taylor,2018-8-9,Oklahoma,2016-09-20,A,5
2022-3-23,trx-097393905035,85545,William,Taylor,william.taylor@hotmail.com>,7.0,3.0,9,Boots,Footwear,,,,,,10,129.99,no,Credit Card,,Christopher Miller,2018-7-5,Chicago,2015-03-10,A,5
2023-1-17,trx-991515910218,85499,Olivia,Wilson,olivia.wilson@gmail.com(,1.0,5.0,13,Printer,Electronics,,True,,,,8,149.99,no,Credit Card,,John Doe,2020-6-10,Phoenix,2017-09-20,C,5
2023-11-15,trx-145367443747,85556,William,Smith,william.smith@outlook.com&,4.0,5.0,1,Laptop,Electronics,True,,,,,10,999.99,no,Credit Card,,Emily Brown,2018-11-12,Phoenix,2017-09-20,C,5
2023-9-21,trx-911509941939,85498,Olivia,Davis,olivia.davis@gmail.com<,3.0,3.0,19,Sandals,Footwear,,,,,,4,29.99,no,Credit Card,,Michael Johnson,2019-7-22,Chicago,2015-03-10,A,5
2023-12-19,trx-686487580880,85487,Emma,Davis,emma.davis@hotmail.com&,4.0,2.0,19,Sandals,Footwear,,,,,,4,29.99,no,Credit Card,,Emily Brown,2018-11-12,Los Angeles,2016-07-28,B,5
2022-9-14,trx-012701896413,85503,Alexander,Miller,alexander.miller@outlook.com{,10.0,6.0,19,Sandals,Footwear,,,,True,,2,29.99,no,Cash,,Sophia Moore,2019-11-10,Oklahoma,2016-09-20,A,5
2023-3-6,trx-433840716416,85477,John,Jones,john.jones@gmail.com ,4.0,4.0,22,Coffee Maker,Appliances,,,,,,9,79.99,no,Credit Card,,Emily Brown,2018-11-12,Houston,2016-11-05,D,5
2023-5-27,trx-018184261522,85517,Mia,Jones,mia.jones@outlook.com>,1.0,2.0,21,Microwave,Appliances,,True,,,,8,129.99,no,Credit Card,,John Doe,2020-6-10,Los Angeles,2016-07-28,B,5
2022-8-6,trx-370659451334,85556,William,Smith,william.smith@outlook.com}4,8.0,4.0,14,Camera,Electronics,,,True,,,7,399.99,no,Cash,,Olivia Davis,2019-12-8,Houston,2016-11-05,D,5
2023-4-2,trx-485972639897,85489,Emma,Wilson,emma.wilson@gmail.com<,10.0,2.0,24,Blender,Appliances,,True,,,,8,49.99,no,Cash,,Sophia Moore,2019-11-10,Los Angeles,2016-07-28,B,5
2023-3-25,trx-433915024433,85472,Alexander,Wilson,alexander.wilson@outlook.com#4r,1.0,3.0,11,TV,Electronics,,,,,,9,899.99,no,Cash,,John Doe,2020-6-10,Chicago,2015-03-10,A,5
2022-8-26,trx-413994920770,85518,Alexander,Davis,alexander.davis@yahoo.com$u,1.0,6.0,3,Tablet,Electronics,,,,,,7,299.99,no,Cash,,John Doe,2020-6-10,Oklahoma,2016-09-20,A,5
2022-11-24,trx-615445974217,85527,William,Taylor,william.taylor@hotmail.com}4,4.0,1.0,6,Jeans,Clothing,,,True,,,2,49.99,no,Credit Card,,Emily Brown,2018-11-12,New York,2017-01-15,A,5
2023-12-16,trx-500939340924,85513,James,Williams,james.williams@hotmail.com(,2.0,6.0,8,Sneakers,Footwear,,,,,,3,79.99,no,Cash,,Jane Smith,2021-6-8,Oklahoma,2016-09-20,A,5
2023-11-24,trx-113579871959,85486,Emma,Moore,emma.moore@gmail.com>,3.0,1.0,22,Coffee Maker,Appliances,,,,,,1,79.99,no,Cash,,Michael Johnson,2019-7-22,New York,2017-01-15,A,5
2023-4-21,trx-519819081093,85489,Emma,Wilson,emma.wilson@gmail.com$u,9.0,6.0,22,Coffee Maker,Appliances,True,,,,,9,79.99,no,Credit Card,,Daniel Martinez,2019-7-19,Oklahoma,2016-09-20,A,5
2023-9-9,trx-877212247419,85545,William,Taylor,william.taylor@hotmail.com<,9.0,4.0,6,Jeans,Clothing,,,True,,,2,49.99,no,Cash,,Daniel Martinez,2019-7-19,Houston,2016-11-05,D,5
2023-9-17,trx-682294615245,85497,Michael,Williams,michael.williams@yahoo.com)x,11.0,6.0,2,Smartphone,Electronics,,True,,,,1,699.99,no,Cash,,john wick,2018-7-10,Oklahoma,2016-09-20,A,5
2022-3-13,trx-690502288202,85504,Sophia,Wilson,sophia.wilson@hotmail.com&,1.0,4.0,29,Hair Straightener,Appliances,,,,True,,5,39.99,no,Cash,,John Doe,2020-6-10,Houston,2016-11-05,D,5
2023-11-19,trx-208209817660,85558,Emma,Moore,emma.moore@hotmail.com>,5.0,1.0,30,Electric Kettle,Appliances,,,,True,,6,24.99,no,Credit Card,,David Wilson,2020-6-23,New York,2017-01-15,A,5
2022-8-22,trx-441923866959,85547,Emma,Miller,emma.miller@gmail.com>,7.0,3.0,25,Washing Machine,Appliances,,,,,,8,499.99,no,Credit Card,,Christopher Miller,2018-7-5,Chicago,2015-03-10,A,5
2022-7-19,trx-564213973006,85538,Emma,Davis,emma.davis@gmail.com}4,7.0,4.0,6,Jeans,Clothing,,True,,,,9,49.99,no,Credit Card,,Christopher Miller,2018-7-5,Houston,2016-11-05,D,5
2023-4-19,trx-783326741686,85544,Ava,Johnson,ava.johnson@gmail.com&,1.0,5.0,4,Headphones,Electronics,,,,,,7,99.99,no,Cash,,John Doe,2020-6-10,Phoenix,2017-09-20,C,5
2022-2-3,trx-586695783669,85487,Emma,Davis,emma.davis@hotmail.com;,10.0,5.0,20,Heels,Footwear,,,,,,9,59.99,no,Credit Card,,Sophia Moore,2019-11-10,Phoenix,2017-09-20,C,5
2023-7-27,trx-704944708934,85506,Sophia,Wilson,sophia.wilson@hotmail.com|,9.0,1.0,16,Skirt,Clothing,,,,,,10,39.99,no,Credit Card,,Daniel Martinez,2019-7-19,New York,2017-01-15,A,5
2023-8-13,trx-683569313023,85531,Sophia,Taylor,sophia.taylor@hotmail.com&,3.0,4.0,14,Camera,Electronics,,,,True,,7,399.99,no,Credit Card,,Michael Johnson,2019-7-22,Houston,2016-11-05,D,5
2023-5-13,trx-071828473401,85518,Alexander,Davis,alexander.davis@yahoo.com]x,9.0,1.0,16,Skirt,Clothing,,True,,,,2,39.99,no,Credit Card,,Daniel Martinez,2019-7-19,New York,2017-01-15,A,5
2023-8-23,trx-313319783750,85498,Olivia,Davis,olivia.davis@gmail.com(,10.0,2.0,25,Washing Machine,Appliances,,,,,,7,499.99,no,Cash,,Sophia Moore,2019-11-10,Los Angeles,2016-07-28,B,5
2022-7-8,trx-619793427233,85482,Emma,Moore,emma.moore@gmail.com>,7.0,2.0,19,Sandals,Footwear,,True,,,,7,29.99,no,Cash,,Christopher Miller,2018-7-5,Los Angeles,2016-07-28,B,5
2022-8-10,trx-133454295677,85487,Emma,Davis,emma.davis@hotmail.com|,9.0,5.0,2,Smartphone,Electronics,,,,,,1,699.99,no,Credit Card,,Daniel Martinez,2019-7-19,Phoenix,2017-09-20,C,5
2022-10-9,trx-165188791002,85491,John,Taylor,john.taylor@outlook.com]x,7.0,1.0,25,Washing Machine,Appliances,,,,,,8,499.99,no,Credit Card,,Christopher Miller,2018-7-5,New York,2017-01-15,A,5
2022-2-23,trx-667853951864,85508,Ava,Smith,ava.smith@gmail.com>,5.0,5.0,1,Laptop,Electronics,,,True,,,5,999.99,no,Cash,,David Wilson,2020-6-23,Phoenix,2017-09-20,C,5
2023-8-17,trx-941053792347,85535,Olivia,Johnson,olivia.johnson@yahoo.com;,7.0,6.0,20,Heels,Footwear,,,True,,,8,59.99,no,Credit Card,,Christopher Miller,2018-7-5,Oklahoma,2016-09-20,A,5
2023-10-23,trx-492229534995,85556,William,Smith,william.smith@outlook.com{,6.0,2.0,27,Iron,Appliances,,,True,,,2,29.99,no,Cash,,Emma Taylor,2018-8-9,Los Angeles,2016-07-28,B,5
2022-9-26,trx-773316875268,85470,Sophia,Smith,sophia.smith@yahoo.com[,4.0,6.0,6,Jeans,Clothing,,,,,,8,49.99,no,Cash,,Emily Brown,2018-11-12,Oklahoma,2016-09-20,A,5
2023-12-23,trx-402891368794,85471,Olivia,Wilson,olivia.wilson@outlook.com>,8.0,5.0,21,Microwave,Appliances,,,,,,10,129.99,no,Credit Card,,Olivia Davis,2019-12-8,Phoenix,2017-09-20,C,5
2022-2-22,trx-712994775149,85521,Olivia,Wilson,olivia.wilson@gmail.com:,3.0,2.0,7,Dress,Clothing,,,,,,10,59.99,no,Credit Card,,Michael Johnson,2019-7-22,Los Angeles,2016-07-28,B,5
2022-6-5,trx-521660407335,85470,Sophia,Smith,sophia.smith@yahoo.com{,10.0,4.0,19,Sandals,Footwear,,,,True,,7,29.99,no,Cash,,Sophia Moore,2019-11-10,Houston,2016-11-05,D,5
2022-4-8,trx-170978687115,85468,William,Moore,william.moore@outlook.com(,10.0,5.0,24,Blender,Appliances,,,,True,,9,49.99,no,Credit Card,,Sophia Moore,2019-11-10,Phoenix,2017-09-20,C,5
2022-9-13,trx-609075193728,85475,Alexander,Moore,alexander.moore@gmail.com>,2.0,5.0,17,Blouse,Clothing,,,,,,4,29.99,no,Cash,,Jane Smith,2021-6-8,Phoenix,2017-09-20,C,5
2022-8-10,trx-609955133079,85543,James,Williams,"james.williams@gmail.com""",8.0,3.0,18,Boots,Footwear,,,,,True,10,149.99,no,Cash,,Olivia Davis,2019-12-8,Chicago,2015-03-10,A,5
2022-6-12,trx-677028812088,85516,Mia,Miller,mia.miller@hotmail.com*,7.0,5.0,14,Camera,Electronics,,,,,,7,399.99,no,Credit Card,,Christopher Miller,2018-7-5,Phoenix,2017-09-20,C,5
2022-11-23,trx-638180304795,85470,Sophia,Smith,sophia.smith@yahoo.com',5.0,1.0,4,Headphones,Electronics,,,,,,4,99.99,no,Cash,,David Wilson,2020-6-23,New York,2017-01-15,A,5
2022-7-8,trx-713585671744,85553,John,Moore,john.moore@outlook.com',3.0,3.0,5,T-Shirt,Clothing,,,True,,,1,19.99,no,Credit Card,,Michael Johnson,2019-7-22,Chicago,2015-03-10,A,5
2022-11-7,trx-433292904665,85469,James,Smith,james.smith@hotmail.com/,1.0,2.0,3,Tablet,Electronics,,,,,,6,299.99,no,Cash,,John Doe,2020-6-10,Los Angeles,2016-07-28,B,5
2023-1-27,trx-497948602756,85489,Emma,Wilson,emma.wilson@gmail.com)x,10.0,3.0,1,Laptop,Electronics,,,,,,5,999.99,no,Credit Card,,Sophia Moore,2019-11-10,Chicago,2015-03-10,A,5
2023-5-5,trx-985300008193,85475,Alexander,Moore,alexander.moore@gmail.com#4r,7.0,4.0,23,Toaster,Appliances,,,,,,3,39.99,no,Credit Card,,Christopher Miller,2018-7-5,Houston,2016-11-05,D,5
2023-1-19,trx-731395237015,85527,William,Taylor,william.taylor@hotmail.com%x,9.0,2.0,9,Boots,Footwear,,True,,,,10,129.99,no,Cash,,Daniel Martinez,2019-7-19,Los Angeles,2016-07-28,B,5
2022-11-15,trx-273831867523,85514,Ava,Davis,ava.davis@hotmail.com ,9.0,2.0,14,Camera,Electronics,,,,,True,3,399.99,no,Cash,,Daniel Martinez,2019-7-19,Los Angeles,2016-07-28,B,5
2022-3-28,trx-416312257497,85539,Sophia,Miller,sophia.miller@gmail.com{,6.0,5.0,26,Vacuum Cleaner,Appliances,,True,,,,8,199.99,no,Cash,,Emma Taylor,2018-8-9,Phoenix,2017-09-20,C,5
2023-11-4,trx-757673293381,85478,John,Johnson,john.johnson@hotmail.com|,10.0,6.0,4,Headphones,Electronics,,,,,,6,99.99,no,Credit Card,,Sophia Moore,2019-11-10,Oklahoma,2016-09-20,A,5
2023-11-12,trx-713329256878,85500,John,Davis,john.davis@yahoo.com]x,6.0,4.0,8,Sneakers,Footwear,,,,,,7,79.99,no,Credit Card,,Emma Taylor,2018-8-9,Houston,2016-11-05,D,5
2022-12-12,trx-961960281955,85561,Olivia,Moore,olivia.moore@hotmail.com]x,6.0,6.0,13,Printer,Electronics,,,,,,6,149.99,no,Cash,,Emma Taylor,2018-8-9,Oklahoma,2016-09-20,A,5
2022-8-2,trx-708944728732,85467,Sophia,Wilson,sophia.wilson@yahoo.com/,4.0,3.0,5,T-Shirt,Clothing,True,,,,,5,19.99,no,Credit Card,,Emily Brown,2018-11-12,Chicago,2015-03-10,A,5
2023-1-2,trx-018260386129,85523,Sophia,Smith,sophia.smith@hotmail.com;,7.0,1.0,1,Laptop,Electronics,,,,,True,9,999.99,no,Cash,,Christopher Miller,2018-7-5,New York,2017-01-15,A,5
2023-12-25,trx-607756513617,85526,Olivia,Moore,olivia.moore@hotmail.com}4,2.0,6.0,7,Dress,Clothing,,,,,,3,59.99,no,Cash,,Jane Smith,2021-6-8,Oklahoma,2016-09-20,A,5
2023-12-18,trx-628290648605,85511,Olivia,Davis,olivia.davis@outlook.com|,9.0,4.0,7,Dress,Clothing,,,,,,5,59.99,no,Credit Card,,Daniel Martinez,2019-7-19,Houston,2016-11-05,D,5
2023-5-28,trx-429185958177,85539,Sophia,Miller,sophia.miller@gmail.com>,8.0,6.0,19,Sandals,Footwear,,,,,,4,29.99,no,Cash,,Olivia Davis,2019-12-8,Oklahoma,2016-09-20,A,5
2022-8-9,trx-538271920211,85491,John,Taylor,john.taylor@outlook.com ,2.0,1.0,21,Microwave,Appliances,,True,,,,7,129.99,no,Credit Card,,Jane Smith,2021-6-8,New York,2017-01-15,A,5
2022-1-9,trx-484251496819,85529,James,Wilson,james.wilson@hotmail.com<,1.0,5.0,20,Heels,Footwear,,True,,,,10,59.99,no,Credit Card,,John Doe,2020-6-10,Phoenix,2017-09-20,C,5
2023-5-1,trx-197141780117,85556,William,Smith,william.smith@outlook.com',8.0,6.0,24,Blender,Appliances,,,True,,,6,49.99,no,Credit Card,,Olivia Davis,2019-12-8,Oklahoma,2016-09-20,A,5
2022-12-26,trx-231773781801,85533,Ava,Johnson,ava.johnson@hotmail.com#4r,2.0,5.0,27,Iron,Appliances,,,,,,10,29.99,no,Cash,,Jane Smith,2021-6-8,Phoenix,2017-09-20,C,5
2023-2-8,trx-408407310417,85483,Emma,Miller,emma.miller@hotmail.com[,8.0,2.0,5,T-Shirt,Clothing,,,,,,3,19.99,no,Cash,,Olivia Davis,2019-12-8,Los Angeles,2016-07-28,B,5
2022-4-9,trx-645844598495,85536,Michael,Davis,michael.davis@gmail.com:,5.0,6.0,24,Blender,Appliances,,,,,,7,49.99,no,Cash,,David Wilson,2020-6-23,Oklahoma,2016-09-20,A,5
2023-2-2,trx-861390543889,85472,Alexander,Wilson,alexander.wilson@outlook.com{,2.0,2.0,18,Boots,Footwear,,,,,,8,149.99,no,Cash,,Jane Smith,2021-6-8,Los Angeles,2016-07-28,B,5
2023-1-1,trx-040744081821,85473,Alexander,Moore,alexander.moore@gmail.com}4,6.0,1.0,15,Hoodie,Clothing,,,,,,8,29.99,no,Credit Card,,Emma Taylor,2018-8-9,New York,2017-01-15,A,5
2022-1-27,trx-894225620007,85497,Michael,Williams,michael.williams@yahoo.com*,5.0,5.0,12,Monitor,Electronics,,,True,,,5,299.99,no,Credit Card,,David Wilson,2020-6-23,Phoenix,2017-09-20,C,5
2022-8-23,trx-036790295136,85479,Sophia,Davis,sophia.davis@hotmail.com>,11.0,4.0,23,Toaster,Appliances,True,,,,,7,39.99,no,Cash,,john wick,2018-7-10,Houston,2016-11-05,D,5
2023-1-27,trx-735792318260,85525,Emma,Wilson,emma.wilson@yahoo.com&,4.0,6.0,11,TV,Electronics,,,,,,9,899.99,no,Credit Card,,Emily Brown,2018-11-12,Oklahoma,2016-09-20,A,5
2022-1-8,trx-403418540424,85546,William,Taylor,william.taylor@outlook.com\,8.0,1.0,10,Sandals,Footwear,,,,,,8,39.99,no,Credit Card,,Olivia Davis,2019-12-8,New York,2017-01-15,A,5
2023-1-5,trx-095739474153,85533,Ava,Johnson,ava.johnson@hotmail.com ,4.0,4.0,5,T-Shirt,Clothing,True,,,,,2,19.99,no,Credit Card,,Emily Brown,2018-11-12,Houston,2016-11-05,D,5
2023-4-28,trx-513121045037,85503,Alexander,Miller,alexander.miller@outlook.com/,11.0,1.0,25,Washing Machine,Appliances,,,True,,,5,499.99,no,Cash,,john wick,2018-7-10,New York,2017-01-15,A,5
2023-7-22,trx-516846985070,85502,Ava,Wilson,ava.wilson@hotmail.comm,6.0,4.0,30,Electric Kettle,Appliances,True,,,,,4,24.99,no,Cash,,Emma Taylor,2018-8-9,Houston,2016-11-05,D,5
2022-1-20,trx-480481523000,85522,Emma,Jones,emma.jones@hotmail.com\,10.0,1.0,7,Dress,Clothing,,,,,,2,59.99,no,Cash,,Sophia Moore,2019-11-10,New York,2017-01-15,A,5
2023-11-21,trx-436549620418,85551,William,Davis,william.davis@hotmail.com#4r,1.0,4.0,24,Blender,Appliances,,,,True,,8,49.99,no,Cash,,John Doe,2020-6-10,Houston,2016-11-05,D,5
2022-9-15,trx-619112164309,85542,Alexander,Smith,alexander.smith@yahoo.com]x,11.0,1.0,5,T-Shirt,Clothing,,True,,,,3,19.99,no,Cash,,john wick,2018-7-10,New York,2017-01-15,A,5
2023-3-10,trx-545454096992,85512,James,Wilson,james.wilson@yahoo.com;,7.0,2.0,1,Laptop,Electronics,,,,,,5,999.99,no,Credit Card,,Christopher Miller,2018-7-5,Los Angeles,2016-07-28,B,5
2022-7-24,trx-385757132916,85548,Mia,Johnson,mia.johnson@hotmail.com',4.0,3.0,19,Sandals,Footwear,,True,,,,3,29.99,no,Credit Card,,Emily Brown,2018-11-12,Chicago,2015-03-10,A,5
2022-5-22,trx-526801872845,85483,Emma,Miller,emma.miller@hotmail.com*,3.0,5.0,8,Sneakers,Footwear,,,,,,1,79.99,no,Credit Card,,Michael Johnson,2019-7-22,Phoenix,2017-09-20,C,5
2023-9-22,trx-723121899126,85561,Olivia,Moore,olivia.moore@hotmail.com&,10.0,4.0,25,Washing Machine,Appliances,,True,,,,2,499.99,no,Cash,,Sophia Moore,2019-11-10,Houston,2016-11-05,D,5
2022-12-19,trx-073693563780,85504,Sophia,Wilson,sophia.wilson@hotmail.comm,9.0,6.0,7,Dress,Clothing,,,True,,,8,59.99,no,Cash,,Daniel Martinez,2019-7-19,Oklahoma,2016-09-20,A,5
2022-7-17,trx-446979299178,85546,William,Taylor,william.taylor@outlook.com/,1.0,5.0,22,Coffee Maker,Appliances,,,,,,8,79.99,no,Cash,,John Doe,2020-6-10,Phoenix,2017-09-20,C,5
2023-7-12,trx-681479638167,85515,James,Miller,james.miller@gmail.com;,5.0,5.0,10,Sandals,Footwear,,,,,,1,39.99,no,Cash,,David Wilson,2020-6-23,Phoenix,2017-09-20,C,5
2023-2-16,trx-631852932622,85468,William,Moore,"william.moore@outlook.com""",3.0,5.0,24,Blender,Appliances,,,,True,,2,49.99,no,Credit Card,,Michael Johnson,2019-7-22,Phoenix,2017-09-20,C,5
2022-10-9,trx-566697878544,85542,Alexander,Smith,alexander.smith@yahoo.com:,6.0,1.0,1,Laptop,Electronics,,True,,,,5,999.99,no,Cash,,Emma Taylor,2018-8-9,New York,2017-01-15,A,5
2022-7-19,trx-746269534281,85535,Olivia,Johnson,olivia.johnson@yahoo.com*,9.0,4.0,18,Boots,Footwear,,,,,,8,149.99,no,Credit Card,,Daniel Martinez,2019-7-19,Houston,2016-11-05,D,5
2022-7-5,trx-149696430114,85465,Sophia,Wilson,sophia.wilson@hotmail.com',3.0,3.0,21,Microwave,Appliances,,,,,True,8,129.99,no,Credit Card,,Michael Johnson,2019-7-22,Chicago,2015-03-10,A,5
2023-5-22,trx-444821798055,85495,Michael,Johnson,michael.johnson@gmail.com|,9.0,1.0,26,Vacuum Cleaner,Appliances,,,,,True,1,199.99,no,Credit Card,,Daniel Martinez,2019-7-19,New York,2017-01-15,A,5
2022-12-24,trx-901001375909,85508,Ava,Smith,ava.smith@gmail.com%x,9.0,3.0,6,Jeans,Clothing,,,,,,6,49.99,no,Cash,,Daniel Martinez,2019-7-19,Chicago,2015-03-10,A,5
2022-8-16,trx-031689389624,85462,James,Wilson,james.wilson@outlook.com$u,2.0,5.0,26,Vacuum Cleaner,Appliances,,,,,,2,199.99,no,Cash,,Jane Smith,2021-6-8,Phoenix,2017-09-20,C,5
2023-10-2,trx-230025948608,85538,Emma,Davis,emma.davis@gmail.com%x,11.0,5.0,17,Blouse,Clothing,,,True,,,7,29.99,no,Credit Card,,john wick,2018-7-10,Phoenix,2017-09-20,C,5
2022-11-11,trx-426361724454,85531,Sophia,Taylor,sophia.taylor@hotmail.com ,8.0,1.0,1,Laptop,Electronics,,,,,,5,999.99,no,Credit Card,,Olivia Davis,2019-12-8,New York,2017-01-15,A,5
2023-6-9,trx-547156080443,85474,Sophia,Davis,sophia.davis@gmail.com)x,6.0,1.0,20,Heels,Footwear,,,True,,,5,59.99,no,Cash,,Emma Taylor,2018-8-9,New York,2017-01-15,A,5
2023-4-17,trx-929722324186,85495,Michael,Johnson,michael.johnson@gmail.com ,9.0,5.0,9,Boots,Footwear,,,,,,5,129.99,no,Credit Card,,Daniel Martinez,2019-7-19,Phoenix,2017-09-20,C,5
2022-3-16,trx-646631077562,85498,Olivia,Davis,olivia.davis@gmail.com(,11.0,5.0,14,Camera,Electronics,,,,True,,5,399.99,no,Cash,,john wick,2018-7-10,Phoenix,2017-09-20,C,5
2022-3-9,trx-583691807887,85518,Alexander,Davis,alexander.davis@yahoo.com',2.0,6.0,11,TV,Electronics,,,True,,,6,899.99,no,Cash,,Jane Smith,2021-6-8,Oklahoma,2016-09-20,A,5
2023-3-4,trx-960261865778,85529,James,Wilson,james.wilson@hotmail.com$u,6.0,1.0,11,TV,Electronics,,,,,True,9,899.99,no,Credit Card,,Emma Taylor,2018-8-9,New York,2017-01-15,A,5
2022-8-1,trx-847299107289,85499,Olivia,Wilson,"olivia.wilson@gmail.com""",4.0,3.0,6,Jeans,Clothing,True,,,,,2,49.99,no,Cash,,Emily Brown,2018-11-12,Chicago,2015-03-10,A,5
2022-8-21,trx-937491041493,85508,Ava,Smith,"ava.smith@gmail.com""",5.0,6.0,15,Hoodie,Clothing,True,,,,,9,29.99,no,Cash,,David Wilson,2020-6-23,Oklahoma,2016-09-20,A,5
2023-2-28,trx-371228904500,85480,Emma,Jones,emma.jones@hotmail.com\,5.0,5.0,9,Boots,Footwear,,,True,,,4,129.99,no,Cash,,David Wilson,2020-6-23,Phoenix,2017-09-20,C,5
2023-5-25,trx-328357585072,85473,Alexander,Moore,alexander.moore@gmail.com&,9.0,1.0,4,Headphones,Electronics,,,True,,,3,99.99,no,Cash,,Daniel Martinez,2019-7-19,New York,2017-01-15,A,5
2022-12-22,trx-835955715110,85515,James,Miller,james.miller@gmail.com{,11.0,5.0,20,Heels,Footwear,,True,,,,3,59.99,no,Credit Card,,john wick,2018-7-10,Phoenix,2017-09-20,C,5
2023-1-20,trx-277706000342,85487,Emma,Davis,emma.davis@hotmail.com$u,7.0,6.0,8,Sneakers,Footwear,,,,,,10,79.99,no,Cash,,Christopher Miller,2018-7-5,Oklahoma,2016-09-20,A,5
2023-8-21,trx-992465548780,85556,William,Smith,william.smith@outlook.com|,2.0,6.0,22,Coffee Maker,Appliances,,,,,,2,79.99,no,Credit Card,,Jane Smith,2021-6-8,Oklahoma,2016-09-20,A,5
2023-1-14,trx-821749548284,85486,Emma,Moore,emma.moore@gmail.comm,10.0,4.0,25,Washing Machine,Appliances,,,,,True,4,499.99,no,Credit Card,,Sophia Moore,2019-11-10,Houston,2016-11-05,D,5
2022-3-17,trx-279361243300,85557,William,Williams,william.williams@hotmail.com#4r,8.0,6.0,19,Sandals,Footwear,,,,,,2,29.99,no,Credit Card,,Olivia Davis,2019-12-8,Oklahoma,2016-09-20,A,5
2023-12-19,trx-497451182082,85525,Emma,Wilson,emma.wilson@yahoo.com[,10.0,1.0,5,T-Shirt,Clothing,,,,,,8,19.99,no,Credit Card,,Sophia Moore,2019-11-10,New York,2017-01-15,A,5
2022-3-15,trx-791040072306,85462,James,Wilson,james.wilson@outlook.com&,9.0,1.0,24,Blender,Appliances,,,True,,,10,49.99,no,Cash,,Daniel Martinez,2019-7-19,New York,2017-01-15,A,5
2022-12-21,trx-952460556304,85545,William,Taylor,william.taylor@hotmail.com$u,9.0,6.0,26,Vacuum Cleaner,Appliances,,,,,True,4,199.99,no,Cash,,Daniel Martinez,2019-7-19,Oklahoma,2016-09-20,A,5
2022-8-12,trx-014322077568,85494,Sophia,Moore,sophia.moore@gmail.com]x,6.0,4.0,29,Hair Straightener,Appliances,,,,True,,10,39.99,no,Credit Card,,Emma Taylor,2018-8-9,Houston,2016-11-05,D,5
2022-5-23,trx-322964558606,85487,Emma,Davis,"emma.davis@hotmail.com""",11.0,3.0,23,Toaster,Appliances,,,,,,3,39.99,no,Cash,,john wick,2018-7-10,Chicago,2015-03-10,A,5
2022-6-23,trx-224263109068,85524,Alexander,Jones,alexander.jones@outlook.com:,11.0,3.0,13,Printer,Electronics,,,,,,1,149.99,no,Credit Card,,john wick,2018-7-10,Chicago,2015-03-10,A,5
2023-1-11,trx-343974671953,85533,Ava,Johnson,ava.johnson@hotmail.com|,9.0,2.0,21,Microwave,Appliances,,,,True,,4,129.99,no,Cash,,Daniel Martinez,2019-7-19,Los Angeles,2016-07-28,B,5
2022-3-17,trx-753496442367,85485,James,Johnson,james.johnson@hotmail.com:,1.0,2.0,28,Hair Dryer,Appliances,,True,,,,5,19.99,no,Credit Card,,John Doe,2020-6-10,Los Angeles,2016-07-28,B,5
2022-12-25,trx-218862165674,85475,Alexander,Moore,alexander.moore@gmail.com#4r,4.0,1.0,23,Toaster,Appliances,,,,,,2,39.99,no,Cash,,Emily Brown,2018-11-12,New York,2017-01-15,A,5
2022-8-2,trx-764315204185,85537,Ava,Miller,ava.miller@yahoo.com<,9.0,5.0,21,Microwave,Appliances,,,True,,,1,129.99,no,Credit Card,,Daniel Martinez,2019-7-19,Phoenix,2017-09-20,C,5
2023-12-15,trx-766762763248,85513,James,Williams,james.williams@hotmail.com>,2.0,5.0,23,Toaster,Appliances,True,,,,,6,39.99,no,Cash,,Jane Smith,2021-6-8,Phoenix,2017-09-20,C,5
2023-10-19,trx-596813781315,85521,Olivia,Wilson,olivia.wilson@gmail.com}4,7.0,2.0,6,Jeans,Clothing,,,,,,1,49.99,no,Credit Card,,Christopher Miller,2018-7-5,Los Angeles,2016-07-28,B,5
2023-9-28,trx-037937074501,85483,Emma,Miller,emma.miller@hotmail.com*,9.0,2.0,6,Jeans,Clothing,,,True,,,1,49.99,no,Cash,,Daniel Martinez,2019-7-19,Los Angeles,2016-07-28,B,5
2022-10-13,trx-235495964911,85467,Sophia,Wilson,sophia.wilson@yahoo.com#4r,2.0,4.0,6,Jeans,Clothing,,,True,,,5,49.99,no,Credit Card,,Jane Smith,2021-6-8,Houston,2016-11-05,D,5
2022-6-18,trx-151321155825,85502,Ava,Wilson,ava.wilson@hotmail.com%x,9.0,6.0,25,Washing Machine,Appliances,,True,,,,10,499.99,no,Cash,,Daniel Martinez,2019-7-19,Oklahoma,2016-09-20,A,5
2023-12-28,trx-594004624563,85551,William,Davis,"william.davis@hotmail.com""",4.0,3.0,5,T-Shirt,Clothing,,,,,,2,19.99,no,Credit Card,,Emily Brown,2018-11-12,Chicago,2015-03-10,A,5
2022-11-12,trx-241224188617,85512,James,Wilson,"james.wilson@yahoo.com""",4.0,1.0,24,Blender,Appliances,,,,,,5,49.99,no,Credit Card,,Emily Brown,2018-11-12,New York,2017-01-15,A,5
2023-1-23,trx-116660192626,85534,Emma,Davis,emma.davis@gmail.com)x,7.0,6.0,10,Sandals,Footwear,,,,,True,8,39.99,no,Credit Card,,Christopher Miller,2018-7-5,Oklahoma,2016-09-20,A,5
2023-4-21,trx-879621624907,85473,Alexander,Moore,alexander.moore@gmail.com/,9.0,2.0,20,Heels,Footwear,,True,,,,9,59.99,no,Cash,,Daniel Martinez,2019-7-19,Los Angeles,2016-07-28,B,5
2023-5-26,trx-037783445373,85526,Olivia,Moore,olivia.moore@hotmail.com\,8.0,4.0,17,Blouse,Clothing,,,,,,4,29.99,no,Cash,,Olivia Davis,2019-12-8,Houston,2016-11-05,D,5
2022-5-24,trx-206337900279,85481,Emma,Wilson,emma.wilson@yahoo.com;,11.0,5.0,21,Microwave,Appliances,,,,,,6,129.99,no,Credit Card,,john wick,2018-7-10,Phoenix,2017-09-20,C,5
2023-7-1,trx-888282200757,85559,Olivia,Moore,olivia.moore@gmail.com/,11.0,3.0,14,Camera,Electronics,,,,,True,4,399.99,no,Credit Card,,john wick,2018-7-10,Chicago,2015-03-10,A,5
2023-1-12,trx-809263196746,85477,John,Jones,"john.jones@gmail.com""",4.0,4.0,27,Iron,Appliances,,,,True,,8,29.99,no,Credit Card,,Emily Brown,2018-11-12,Houston,2016-11-05,D,5
2022-6-5,trx-143756390327,85496,Alexander,Moore,alexander.moore@hotmail.com:,4.0,6.0,23,Toaster,Appliances,,,True,,,9,39.99,no,Credit Card,,Emily Brown,2018-11-12,Oklahoma,2016-09-20,A,5
2022-6-28,trx-957462501226,85557,William,Williams,william.williams@hotmail.com$u,2.0,4.0,21,Microwave,Appliances,,,,,,7,129.99,no,Credit Card,,Jane Smith,2021-6-8,Houston,2016-11-05,D,5
2023-4-5,trx-595784021184,85523,Sophia,Smith,sophia.smith@hotmail.com',5.0,4.0,12,Monitor,Electronics,,,,,,10,299.99,no,Credit Card,,David Wilson,2020-6-23,Houston,2016-11-05,D,5
2022-11-17,trx-511378942568,85518,Alexander,Davis,alexander.davis@yahoo.com ,1.0,5.0,25,Washing Machine,Appliances,,,,,,2,499.99,no,Cash,,John Doe,2020-6-10,Phoenix,2017-09-20,C,5
2022-11-19,trx-456940756378,85533,Ava,Johnson,"ava.johnson@hotmail.com""",2.0,3.0,5,T-Shirt,Clothing,,,,,,9,19.99,no,Cash,,Jane Smith,2021-6-8,Chicago,2015-03-10,A,5
2023-1-4,trx-467577867231,85465,Sophia,Wilson,sophia.wilson@hotmail.com*,5.0,1.0,22,Coffee Maker,Appliances,,,,,,9,79.99,no,Credit Card,,David Wilson,2020-6-23,New York,2017-01-15,A,5
2023-4-25,trx-735192576349,85491,John,Taylor,john.taylor@outlook.com(,10.0,4.0,17,Blouse,Clothing,,,,,,10,29.99,no,Cash,,Sophia Moore,2019-11-10,Houston,2016-11-05,D,5
2022-12-21,trx-727207906019,85522,Emma,Jones,emma.jones@hotmail.com ,7.0,5.0,16,Skirt,Clothing,,,,True,,8,39.99,no,Cash,,Christopher Miller,2018-7-5,Phoenix,2017-09-20,C,5
2022-8-17,trx-876819593363,85536,Michael,Davis,michael.davis@gmail.com:,11.0,2.0,25,Washing Machine,Appliances,,True,,,,1,499.99,no,Cash,,john wick,2018-7-10,Los Angeles,2016-07-28,B,5
2023-1-13,trx-975994121383,85524,Alexander,Jones,alexander.jones@outlook.com;,2.0,5.0,20,Heels,Footwear,,True,,,,4,59.99,no,Credit Card,,Jane Smith,2021-6-8,Phoenix,2017-09-20,C,5
2022-12-20,trx-855975614937,85509,Ava,Taylor,ava.taylor@hotmail.com ,1.0,1.0,5,T-Shirt,Clothing,,,,True,,5,19.99,no,Credit Card,,John Doe,2020-6-10,New York,2017-01-15,A,5
2022-2-1,trx-924290671991,85524,Alexander,Jones,alexander.jones@outlook.com)x,10.0,4.0,22,Coffee Maker,Appliances,,,,,,4,79.99,no,Credit Card,,Sophia Moore,2019-11-10,Houston,2016-11-05,D,5
2023-6-24,trx-778522201038,85529,James,Wilson,james.wilson@hotmail.com{,1.0,6.0,20,Heels,Footwear,,,,,,7,59.99,no,Credit Card,,John Doe,2020-6-10,Oklahoma,2016-09-20,A,5
2023-2-13,trx-586321796484,85499,Olivia,Wilson,olivia.wilson@gmail.com%x,10.0,6.0,5,T-Shirt,Clothing,,,,,,4,19.99,no,Credit Card,,Sophia Moore,2019-11-10,Oklahoma,2016-09-20,A,5
2022-11-2,trx-775089717763,85535,Olivia,Johnson,olivia.johnson@yahoo.com)x,2.0,4.0,17,Blouse,Clothing,,,,,True,7,29.99,no,Credit Card,,Jane Smith,2021-6-8,Houston,2016-11-05,D,5
2022-9-20,trx-681674547937,85511,Olivia,Davis,olivia.davis@outlook.com)x,9.0,2.0,29,Hair Straightener,Appliances,,,True,,,9,39.99,no,Credit Card,,Daniel Martinez,2019-7-19,Los Angeles,2016-07-28,B,5
2022-12-27,trx-846477100557,85511,Olivia,Davis,olivia.davis@outlook.com|,5.0,5.0,2,Smartphone,Electronics,,,,,True,8,699.99,no,Credit Card,,David Wilson,2020-6-23,Phoenix,2017-09-20,C,5
2022-6-23,trx-705879984960,85508,Ava,Smith,ava.smith@gmail.com',5.0,6.0,12,Monitor,Electronics,,,,,True,4,299.99,no,Credit Card,,David Wilson,2020-6-23,Oklahoma,2016-09-20,A,5
2022-7-21,trx-513481028561,85497,Michael,Williams,michael.williams@yahoo.com/,8.0,6.0,27,Iron,Appliances,,,,,,8,29.99,no,Credit Card,,Olivia Davis,2019-12-8,Oklahoma,2016-09-20,A,5
2023-2-4,trx-199248733036,85500,John,Davis,john.davis@yahoo.com&,6.0,3.0,3,Tablet,Electronics,,,,,,6,299.99,no,Credit Card,,Emma Taylor,2018-8-9,Chicago,2015-03-10,A,5
2022-1-23,trx-533959574477,85509,Ava,Taylor,ava.taylor@hotmail.com#4r,8.0,1.0,23,Toaster,Appliances,,,,,,6,39.99,no,Cash,,Olivia Davis,2019-12-8,New York,2017-01-15,A,5
2022-8-6,trx-787792497355,85558,Emma,Moore,emma.moore@hotmail.com*,1.0,4.0,10,Sandals,Footwear,,,True,,,5,39.99,no,Cash,,John Doe,2020-6-10,Houston,2016-11-05,D,5
2023-10-8,trx-918835376776,85495,Michael,Johnson,michael.johnson@gmail.com}4,4.0,1.0,10,Sandals,Footwear,,,,,,10,39.99,no,Cash,,Emily Brown,2018-11-12,New York,2017-01-15,A,5
2023-9-11,trx-614740596048,85506,Sophia,Wilson,sophia.wilson@hotmail.com}4,10.0,3.0,25,Washing Machine,Appliances,,,,,True,8,499.99,no,Credit Card,,Sophia Moore,2019-11-10,Chicago,2015-03-10,A,5
2023-7-8,trx-190041998319,85519,Emma,Wilson,emma.wilson@hotmail.com*,11.0,5.0,11,TV,Electronics,,,,,,3,899.99,no,Cash,,john wick,2018-7-10,Phoenix,2017-09-20,C,5
2023-6-11,trx-689201350951,85467,Sophia,Wilson,sophia.wilson@yahoo.com}4,10.0,1.0,21,Microwave,Appliances,,,,True,,7,129.99,no,Cash,,Sophia Moore,2019-11-10,New York,2017-01-15,A,5
2022-7-15,trx-384793568554,85534,Emma,Davis,emma.davis@gmail.com/,8.0,3.0,16,Skirt,Clothing,,,,,,5,39.99,no,Credit Card,,Olivia Davis,2019-12-8,Chicago,2015-03-10,A,5
2023-6-17,trx-989880251588,85554,Ava,Wilson,ava.wilson@outlook.com&,10.0,6.0,10,Sandals,Footwear,,,,,,3,39.99,no,Cash,,Sophia Moore,2019-11-10,Oklahoma,2016-09-20,A,5
2023-8-17,trx-960780765310,85477,John,Jones,john.jones@gmail.com',8.0,6.0,23,Toaster,Appliances,,,,,,8,39.99,no,Cash,,Olivia Davis,2019-12-8,Oklahoma,2016-09-20,A,5
2022-10-11,trx-347042099767,85498,Olivia,Davis,olivia.davis@gmail.com&,4.0,1.0,13,Printer,Electronics,,,,,,10,149.99,no,Cash,,Emily Brown,2018-11-12,New York,2017-01-15,A,5
2023-5-13,trx-141694474301,85561,Olivia,Moore,"olivia.moore@hotmail.com""",11.0,1.0,21,Microwave,Appliances,True,,,,,6,129.99,no,Cash,,john wick,2018-7-10,New York,2017-01-15,A,5
2022-5-1,trx-328035990274,85535,Olivia,Johnson,olivia.johnson@yahoo.com{,4.0,2.0,20,Heels,Footwear,,,True,,,9,59.99,no,Credit Card,,Emily Brown,2018-11-12,Los Angeles,2016-07-28,B,5
2023-12-2,trx-608341987257,85504,Sophia,Wilson,sophia.wilson@hotmail.com]x,3.0,6.0,4,Headphones,Electronics,,,,,,3,99.99,no,Cash,,Michael Johnson,2019-7-22,Oklahoma,2016-09-20,A,5
2022-8-21,trx-822083132216,85543,James,Williams,james.williams@gmail.com*,3.0,3.0,9,Boots,Footwear,,,,,,3,129.99,no,Cash,,Michael Johnson,2019-7-22,Chicago,2015-03-10,A,5
2022-5-13,trx-876397591958,85552,John,Wilson,john.wilson@yahoo.com)x,5.0,4.0,2,Smartphone,Electronics,,,,True,,3,699.99,no,Credit Card,,David Wilson,2020-6-23,Houston,2016-11-05,D,5
2022-1-21,trx-163249912554,85539,Sophia,Miller,sophia.miller@gmail.com>,7.0,5.0,14,Camera,Electronics,,,,,,7,399.99,no,Credit Card,,Christopher Miller,2018-7-5,Phoenix,2017-09-20,C,5
2023-11-12,trx-019061828358,85524,Alexander,Jones,alexander.jones@outlook.com#4r,2.0,2.0,1,Laptop,Electronics,,,,,,10,999.99,no,Credit Card,,Jane Smith,2021-6-8,Los Angeles,2016-07-28,B,5
2022-6-23,trx-047690749853,85554,Ava,Wilson,ava.wilson@outlook.com}4,3.0,6.0,20,Heels,Footwear,,,,,True,3,59.99,no,Credit Card,,Michael Johnson,2019-7-22,Oklahoma,2016-09-20,A,5
2022-6-7,trx-394550875877,85517,Mia,Jones,mia.jones@outlook.com]x,5.0,6.0,11,TV,Electronics,,,,,,8,899.99,no,Cash,,David Wilson,2020-6-23,Oklahoma,2016-09-20,A,5
2022-3-18,trx-590937925812,85520,Michael,Williams,michael.williams@yahoo.com(,10.0,3.0,16,Skirt,Clothing,,,,,,5,39.99,no,Credit Card,,Sophia Moore,2019-11-10,Chicago,2015-03-10,A,5
2023-12-1,trx-636987405457,85546,William,Taylor,william.taylor@outlook.com(,8.0,2.0,8,Sneakers,Footwear,,,,,,9,79.99,no,Credit Card,,Olivia Davis,2019-12-8,Los Angeles,2016-07-28,B,5
2022-7-1,trx-736417161390,85470,Sophia,Smith,sophia.smith@yahoo.com)x,3.0,2.0,4,Headphones,Electronics,,,,True,,1,99.99,no,Credit Card,,Michael Johnson,2019-7-22,Los Angeles,2016-07-28,B,5
2023-9-21,trx-486147194909,85488,Mia,Williams,mia.williams@hotmail.com]x,3.0,3.0,9,Boots,Footwear,,,,,True,4,129.99,no,Credit Card,,Michael Johnson,2019-7-22,Chicago,2015-03-10,A,5
2023-9-22,trx-006414187798,85524,Alexander,Jones,alexander.jones@outlook.com ,2.0,2.0,6,Jeans,Clothing,,,,,,9,49.99,no,Credit Card,,Jane Smith,2021-6-8,Los Angeles,2016-07-28,B,5
2023-7-12,trx-506224824797,85531,Sophia,Taylor,sophia.taylor@hotmail.com}4,9.0,2.0,23,Toaster,Appliances,,,,True,,7,39.99,no,Cash,,Daniel Martinez,2019-7-19,Los Angeles,2016-07-28,B,5
2022-7-9,trx-221965102766,85509,Ava,Taylor,ava.taylor@hotmail.com/,4.0,6.0,4,Headphones,Electronics,,,,,,8,99.99,no,Credit Card,,Emily Brown,2018-11-12,Oklahoma,2016-09-20,A,5
2022-3-15,trx-289325402582,85526,Olivia,Moore,olivia.moore@hotmail.com ,2.0,5.0,30,Electric Kettle,Appliances,,,,,,3,24.99,no,Cash,,Jane Smith,2021-6-8,Phoenix,2017-09-20,C,5
2023-4-22,trx-073353240676,85507,Olivia,Smith,olivia.smith@hotmail.com$u,5.0,2.0,7,Dress,Clothing,,,,True,,9,59.99,no,Cash,,David Wilson,2020-6-23,Los Angeles,2016-07-28,B,5
2023-8-16,trx-357188508359,85541,John,Brown,john.brown@hotmail.com;,7.0,5.0,27,Iron,Appliances,,,,,,1,29.99,no,Cash,,Christopher Miller,2018-7-5,Phoenix,2017-09-20,C,5
2022-12-10,trx-036288056411,85482,Emma,Moore,emma.moore@gmail.com&,5.0,5.0,11,TV,Electronics,,,True,,,7,899.99,no,Cash,,David Wilson,2020-6-23,Phoenix,2017-09-20,C,5
2022-10-8,trx-059015374807,85547,Emma,Miller,emma.miller@gmail.com',3.0,2.0,9,Boots,Footwear,,,,True,,1,129.99,no,Cash,,Michael Johnson,2019-7-22,Los Angeles,2016-07-28,B,5
2023-9-1,trx-283314190103,85521,Olivia,Wilson,olivia.wilson@gmail.com',7.0,5.0,20,Heels,Footwear,True,,,,,5,59.99,no,Cash,,Christopher Miller,2018-7-5,Phoenix,2017-09-20,C,5
2023-5-27,trx-667659561519,85557,William,Williams,william.williams@hotmail.com{,7.0,2.0,15,Hoodie,Clothing,,,,,,7,29.99,no,Credit Card,,Christopher Miller,2018-7-5,Los Angeles,2016-07-28,B,5
2023-1-7,trx-819130631145,85540,Sophia,Jones,sophia.jones@hotmail.com<,10.0,3.0,29,Hair Straightener,Appliances,,,,,,7,39.99,no,Cash,,Sophia Moore,2019-11-10,Chicago,2015-03-10,A,5
2022-7-20,trx-496193945578,85525,Emma,Wilson,emma.wilson@yahoo.com#4r,4.0,3.0,27,Iron,Appliances,,True,,,,6,29.99,no,Cash,,Emily Brown,2018-11-12,Chicago,2015-03-10,A,5
2023-8-20,trx-132336314700,85542,Alexander,Smith,alexander.smith@yahoo.com^,11.0,1.0,18,Boots,Footwear,,,True,,,6,149.99,no,Cash,,john wick,2018-7-10,New York,2017-01-15,A,5
2022-10-24,trx-215765956646,85524,Alexander,Jones,alexander.jones@outlook.com{,9.0,5.0,29,Hair Straightener,Appliances,,,,,,6,39.99,no,Credit Card,,Daniel Martinez,2019-7-19,Phoenix,2017-09-20,C,5
2022-10-27,trx-238472419143,85467,Sophia,Wilson,sophia.wilson@yahoo.com[,3.0,2.0,1,Laptop,Electronics,,,,,,8,999.99,no,Credit Card,,Michael Johnson,2019-7-22,Los Angeles,2016-07-28,B,5
2023-10-9,trx-442784711756,85514,Ava,Davis,ava.davis@hotmail.com[,11.0,6.0,2,Smartphone,Electronics,,,True,,,2,699.99,no,Cash,,john wick,2018-7-10,Oklahoma,2016-09-20,A,5
2022-3-27,trx-506698612081,85488,Mia,Williams,mia.williams@hotmail.com\,3.0,1.0,8,Sneakers,Footwear,,,True,,,8,79.99,no,Credit Card,,Michael Johnson,2019-7-22,New York,2017-01-15,A,5
2022-9-11,trx-714103598967,85519,Emma,Wilson,emma.wilson@hotmail.com*,1.0,4.0,14,Camera,Electronics,,,True,,,8,399.99,no,Cash,,John Doe,2020-6-10,Houston,2016-11-05,D,5
2022-9-15,trx-622529021027,85469,James,Smith,james.smith@hotmail.com*,8.0,4.0,24,Blender,Appliances,True,,,,,10,49.99,no,Credit Card,,Olivia Davis,2019-12-8,Houston,2016-11-05,D,5
2023-4-28,trx-859756487945,85551,William,Davis,william.davis@hotmail.com(,5.0,1.0,7,Dress,Clothing,,,,,,4,59.99,no,Cash,,David Wilson,2020-6-23,New York,2017-01-15,A,5
2023-6-1,trx-152132117235,85527,William,Taylor,william.taylor@hotmail.com)x,3.0,6.0,5,T-Shirt,Clothing,True,,,,,5,19.99,no,Cash,,Michael Johnson,2019-7-22,Oklahoma,2016-09-20,A,5
2022-4-13,trx-369596664367,85479,Sophia,Davis,sophia.davis@hotmail.com^,3.0,4.0,27,Iron,Appliances,,,,,,1,29.99,no,Credit Card,,Michael Johnson,2019-7-22,Houston,2016-11-05,D,5
2023-1-27,trx-750210133401,85532,James,Wilson,james.wilson@outlook.com>,7.0,2.0,10,Sandals,Footwear,,,,,,5,39.99,no,Cash,,Christopher Miller,2018-7-5,Los Angeles,2016-07-28,B,5
2022-1-20,trx-331411794272,85526,Olivia,Moore,olivia.moore@hotmail.com[,3.0,1.0,11,TV,Electronics,,,,True,,8,899.99,no,Credit Card,,Michael Johnson,2019-7-22,New York,2017-01-15,A,5
2022-1-27,trx-053191913049,85536,Michael,Davis,michael.davis@gmail.com>,1.0,6.0,1,Laptop,Electronics,,,,,,10,999.99,no,Credit Card,,John Doe,2020-6-10,Oklahoma,2016-09-20,A,5
2023-5-17,trx-055004323346,85532,James,Wilson,james.wilson@outlook.com|,8.0,4.0,18,Boots,Footwear,,,,,,5,149.99,no,Cash,,Olivia Davis,2019-12-8,Houston,2016-11-05,D,5
2022-1-15,trx-109459042704,85495,Michael,Johnson,"michael.johnson@gmail.com""",3.0,5.0,6,Jeans,Clothing,,,,,,10,49.99,no,Cash,,Michael Johnson,2019-7-22,Phoenix,2017-09-20,C,5
2023-2-28,trx-464830393236,85554,Ava,Wilson,ava.wilson@outlook.com%x,8.0,3.0,3,Tablet,Electronics,,,,True,,7,299.99,no,Credit Card,,Olivia Davis,2019-12-8,Chicago,2015-03-10,A,5
2023-1-21,trx-831819035899,85464,Emma,Williams,emma.williams@hotmail.com{,4.0,3.0,5,T-Shirt,Clothing,,,,,,7,19.99,no,Cash,,Emily Brown,2018-11-12,Chicago,2015-03-10,A,5
2022-2-1,trx-699649510703,85491,John,Taylor,john.taylor@outlook.com;,7.0,4.0,18,Boots,Footwear,,,True,,,8,149.99,no,Cash,,Christopher Miller,2018-7-5,Houston,2016-11-05,D,5
2023-9-20,trx-875207886034,85504,Sophia,Wilson,sophia.wilson@hotmail.com)x,11.0,3.0,22,Coffee Maker,Appliances,,True,,,,5,79.99,no,Credit Card,,john wick,2018-7-10,Chicago,2015-03-10,A,5
2022-9-8,trx-538768193317,85545,William,Taylor,william.taylor@hotmail.com ,8.0,5.0,6,Jeans,Clothing,,,,,,8,49.99,no,Credit Card,,Olivia Davis,2019-12-8,Phoenix,2017-09-20,C,5
2023-5-3,trx-386907057587,85518,Alexander,Davis,alexander.davis@yahoo.com]x,2.0,4.0,6,Jeans,Clothing,True,,,,,7,49.99,no,Cash,,Jane Smith,2021-6-8,Houston,2016-11-05,D,5
2022-3-26,trx-682775652938,85492,Michael,Miller,michael.miller@gmail.com]x,10.0,2.0,5,T-Shirt,Clothing,,,,,,4,19.99,no,Cash,,Sophia Moore,2019-11-10,Los Angeles,2016-07-28,B,5
2023-1-3,trx-546731025470,85492,Michael,Miller,michael.miller@gmail.com)x,8.0,3.0,19,Sandals,Footwear,,,True,,,1,29.99,no,Cash,,Olivia Davis,2019-12-8,Chicago,2015-03-10,A,5
2023-1-6,trx-008105303317,85495,Michael,Johnson,michael.johnson@gmail.com|,10.0,6.0,13,Printer,Electronics,,,,,,7,149.99,no,Credit Card,,Sophia Moore,2019-11-10,Oklahoma,2016-09-20,A,5
2022-9-5,trx-202666038331,85474,Sophia,Davis,sophia.davis@gmail.comm,8.0,1.0,24,Blender,Appliances,,,,,,10,49.99,no,Credit Card,,Olivia Davis,2019-12-8,New York,2017-01-15,A,5
2022-3-10,trx-239497458417,85508,Ava,Smith,ava.smith@gmail.com|,3.0,1.0,28,Hair Dryer,Appliances,,,,,,4,19.99,no,Cash,,Michael Johnson,2019-7-22,New York,2017-01-15,A,5
2022-12-9,trx-068163433364,85535,Olivia,Johnson,olivia.johnson@yahoo.com:,4.0,1.0,16,Skirt,Clothing,,True,,,,10,39.99,no,Credit Card,,Emily Brown,2018-11-12,New York,2017-01-15,A,5
2022-2-4,trx-133503481684,85520,Michael,Williams,michael.williams@yahoo.com/,2.0,6.0,15,Hoodie,Clothing,,,,,,6,29.99,no,Cash,,Jane Smith,2021-6-8,Oklahoma,2016-09-20,A,5
2023-12-9,trx-783549647667,85471,Olivia,Wilson,olivia.wilson@outlook.com(,7.0,6.0,8,Sneakers,Footwear,,,,,True,7,79.99,no,Credit Card,,Christopher Miller,2018-7-5,Oklahoma,2016-09-20,A,5
2023-9-3,trx-826552343468,85495,Michael,Johnson,michael.johnson@gmail.com<,3.0,5.0,24,Blender,Appliances,,,,,,6,49.99,no,Cash,,Michael Johnson,2019-7-22,Phoenix,2017-09-20,C,5
2023-1-26,trx-403950227936,85530,Olivia,Moore,olivia.moore@yahoo.com{,3.0,3.0,25,Washing Machine,Appliances,,,,,True,8,499.99,no,Credit Card,,Michael Johnson,2019-7-22,Chicago,2015-03-10,A,5
2022-5-18,trx-547684610779,85469,James,Smith,james.smith@hotmail.com;,,,25,Washing Machine,Appliances,,,,,,1,499.99,yes,Credit Card,1333 Farragut Street Northwest/Washington/DC/20011,,,,,,5
2023-6-2,trx-315847001465,85547,Emma,Miller,emma.miller@gmail.com]x,,,19,Sandals,Footwear,True,,,,,10,29.99,yes,Credit Card,5228 North 70th Avenue/Glendale/AZ/85303,,,,,,5
2022-10-12,trx-430083127220,85554,Ava,Wilson,ava.wilson@outlook.com)x,,,1,Laptop,Electronics,True,,,,,4,999.99,yes,Stripe,2100 North Leverett Avenue/Fayetteville/AR/72703,,,,,,5
2022-7-6,trx-011128068389,85519,Emma,Wilson,"emma.wilson@hotmail.com""",,,26,Vacuum Cleaner,Appliances,,,,True,,10,199.99,yes,Credit Card,621 Northwest 94th Street/Oklahoma City/OK/73114,,,,,,5
2023-2-19,trx-826017596748,85529,James,Wilson,james.wilson@hotmail.com%x,,,22,Coffee Maker,Appliances,,,,,,10,79.99,yes,Credit Card,2010 Rising Hill Drive/Norman/OK/73071,,,,,,5
2023-2-9,trx-377342771944,85465,Sophia,Wilson,sophia.wilson@hotmail.com;,,,19,Sandals,Footwear,,True,,,,5,29.99,yes,Credit Card,8642 Yule Street/Arvada/CO/80007,,,,,,5
2022-8-28,trx-447945532781,85468,William,Moore,william.moore@outlook.com>,,,4,Headphones,Electronics,,True,,,,5,99.99,yes,Stripe,236 Middle Turnpike East/Manchester/CT/06040,,,,,,5
2023-4-5,trx-182022977443,85495,Michael,Johnson,michael.johnson@gmail.com&,,,28,Hair Dryer,Appliances,,,True,,,5,19.99,yes,PayPal,7113 North 69th Avenue/Glendale/AZ/85303,,,,,,5
2022-1-27,trx-453790071674,85501,Emma,Taylor,emma.taylor@gmail.com:,,,18,Boots,Footwear,,,,,,6,149.99,yes,Credit Card,875 Latouche Street/Anchorage/AK/99501,,,,,,5
2023-1-13,trx-323796259938,85544,Ava,Johnson,ava.johnson@gmail.com*,,,16,Skirt,Clothing,,,,,,3,39.99,yes,Credit Card,10826 Pointe Royal Drive/Bakersfield/CA/93311,,,,,,5
2022-8-24,trx-056393501938,85562,John,Davis,"john.davis@gmail.com""",,,20,Heels,Footwear,,,,True,,5,59.99,yes,Stripe,101 Mustang Drive/San Luis Obispo/CA/93405,,,,,,5
2023-5-10,trx-422847571066,85555,James,Smith,"james.smith@yahoo.com""",,,14,Camera,Electronics,,,True,,,1,399.99,yes,Credit Card,120 Wells Avenue/Glen Burnie/MD/21061,,,,,,5
2022-11-2,trx-227601181561,85477,John,Jones,john.jones@gmail.com[,,,17,Blouse,Clothing,,,,,,5,29.99,yes,Credit Card,208 Southeast 19th Street/Oklahoma City/OK/73129,,,,,,5
2022-10-9,trx-063067290888,85482,Emma,Moore,emma.moore@gmail.com{,,,14,Camera,Electronics,,,,,,10,399.99,yes,PayPal,814 Keswick Boulevard/Louisville/KY/40217,,,,,,5
2022-3-22,trx-448055632383,85510,Mia,Davis,mia.davis@hotmail.com$u,,,28,Hair Dryer,Appliances,,,,,True,3,19.99,yes,Credit Card,2121 Stepping Stone Trail/Edmond/OK/73013,,,,,,5
2023-11-16,trx-703984749170,85534,Emma,Davis,emma.davis@gmail.com]x,,,30,Electric Kettle,Appliances,,,,True,,7,24.99,yes,Credit Card,11724 Rushmore/Oklahoma City/OK/73162,,,,,,5
2022-8-9,trx-231484815580,85473,Alexander,Moore,alexander.moore@gmail.com$u,,,26,Vacuum Cleaner,Appliances,,,,True,,2,199.99,yes,PayPal,3040 17th Street/Boulder/CO/80304,,,,,,5
2023-2-26,trx-200180185720,85484,James,Taylor,james.taylor@yahoo.com^,,,27,Iron,Appliances,,True,,,,7,29.99,yes,PayPal,11256 Palos Verdes Court/Cupertino/CA/95014,,,,,,5
2022-2-17,trx-440651777700,85516,Mia,Miller,mia.miller@hotmail.com%x,,,18,Boots,Footwear,,,True,,,5,149.99,yes,PayPal,6522 Harlan Street/Arvada/CO/80003,,,,,,5
2023-7-13,trx-800851589110,85550,Michael,Davis,michael.davis@yahoo.com',,,23,Toaster,Appliances,,,,,,5,39.99,yes,Stripe,1897 Poplar Ridge Road/Pasadena/MD/21122,,,,,,5
2023-4-10,trx-086183310194,85527,William,Taylor,william.taylor@hotmail.com%x,,,22,Coffee Maker,Appliances,,True,,,,4,79.99,yes,Stripe,1809 U.S. 80/Savannah/GA/31408,,,,,,5
2022-10-23,trx-056310823372,85526,Olivia,Moore,olivia.moore@hotmail.com|,,,29,Hair Straightener,Appliances,,,,,,8,39.99,yes,PayPal,8757 Lamar Circle/Arvada/CO/80003,,,,,,5
2022-4-22,trx-028143274870,85480,Emma,Jones,emma.jones@hotmail.com*,,,25,Washing Machine,Appliances,,,True,,,9,499.99,yes,PayPal,2300 Deer Path Circle/Hurstbourne Acres/KY/40220,,,,,,5
2023-4-14,trx-408264398928,85471,Olivia,Wilson,olivia.wilson@outlook.com>,,,7,Dress,Clothing,,,,,,1,59.99,yes,PayPal,1501 New Hampshire Avenue/Lynn Haven/FL/32444,,,,,,5
2023-12-1,trx-441732929454,85504,Sophia,Wilson,sophia.wilson@hotmail.com]x,,,9,Boots,Footwear,True,,,,,6,129.99,yes,Credit Card,6366 West Aurora Drive/Glendale/AZ/85308,,,,,,5
2023-10-2,trx-371218784972,85500,John,Davis,john.davis@yahoo.com:,,,7,Dress,Clothing,,,,True,,7,59.99,yes,Stripe,1254 Muldoon Road/Anchorage/AK/99504,,,,,,5
2023-3-9,trx-431623438885,85471,Olivia,Wilson,olivia.wilson@outlook.com^,,,28,Hair Dryer,Appliances,,,,,,9,19.99,yes,Stripe,14003 Crossbranch Court/Louisville/KY/40245,,,,,,5
2022-8-6,trx-193065271903,85532,James,Wilson,"james.wilson@outlook.com""",,,22,Coffee Maker,Appliances,,,,True,,9,79.99,yes,Stripe,1609 Porter Avenue/Nashville/TN/37206,,,,,,5
2022-10-28,trx-637498836980,85505,Sophia,Taylor,sophia.taylor@yahoo.com$u,,,30,Electric Kettle,Appliances,,,,,,10,24.99,yes,PayPal,11 Pine Point Road/Duxbury/MA/02332,,,,,,5
2023-5-10,trx-309016746253,85516,Mia,Miller,mia.miller@hotmail.com>,,,29,Hair Straightener,Appliances,,,,,,5,39.99,yes,PayPal,702 Plantation Circle/Panama City/FL/32404,,,,,,5
2022-3-26,trx-054307344949,85500,John,Davis,john.davis@yahoo.com(,,,20,Heels,Footwear,,,,,,7,59.99,yes,Credit Card,1261 Steamboat Drive/Fayetteville/AR/72704,,,,,,5
2022-5-25,trx-078300319061,85533,Ava,Johnson,ava.johnson@hotmail.com}4,,,29,Hair Straightener,Appliances,,,,,,1,39.99,yes,PayPal,3373 Runnymede Place Northwest/Washington/DC/20015,,,,,,5
2023-11-28,trx-239970136270,85523,Sophia,Smith,sophia.smith@hotmail.com/,,,2,Smartphone,Electronics,,,,True,,6,699.99,yes,Stripe,804 Dry Creek Road/Goodlettsville/TN/37072,,,,,,5
2022-1-22,trx-481536293904,85517,Mia,Jones,mia.jones@outlook.com^,,,23,Toaster,Appliances,,True,,,,6,39.99,yes,Stripe,3072 The Alameda/Concord/CA/94519,,,,,,5
2023-8-11,trx-748447863675,85558,Emma,Moore,emma.moore@hotmail.com;,,,6,Jeans,Clothing,,,,,,5,49.99,yes,Credit Card,222 Plymouth Street/Middleborough/MA/02346,,,,,,5
2022-6-5,trx-843048432996,85526,Olivia,Moore,olivia.moore@hotmail.com>,,,24,Blender,Appliances,,,,,,8,49.99,yes,Stripe,334 North Cove Boulevard/Panama City/FL/32401,,,,,,5
2023-4-20,trx-902884110272,85538,Emma,Davis,emma.davis@gmail.com#4r,,,4,Headphones,Electronics,,,,,True,8,99.99,yes,PayPal,313 Post Road/Rutland/VT/05701,,,,,,5
2022-9-1,trx-614925416505,85537,Ava,Miller,ava.miller@yahoo.com]x,,,28,Hair Dryer,Appliances,,,,True,,8,19.99,yes,Credit Card,6601 North 62nd Avenue/Glendale/AZ/85301,,,,,,5
2023-9-10,trx-913742429569,85464,Emma,Williams,emma.williams@hotmail.com/,,,14,Camera,Electronics,,,,,,9,399.99,yes,Stripe,208 Kinnaird Lane/Louisville/KY/40243,,,,,,5
2022-6-23,trx-861455183189,85521,Olivia,Wilson,olivia.wilson@gmail.com ,,,18,Boots,Footwear,,,True,,,2,149.99,yes,Stripe,115 Falkirk Street/Savannah/GA/31407,,,,,,5
2022-11-1,trx-726607410689,85546,William,Taylor,william.taylor@outlook.com|,,,25,Washing Machine,Appliances,,,,,,4,499.99,yes,Credit Card,1100 Cleveland Street/Fayetteville/AR/72701,,,,,,5
2022-9-24,trx-751852496076,85506,Sophia,Wilson,sophia.wilson@hotmail.com;,,,21,Microwave,Appliances,,,,,,5,129.99,yes,Credit Card,90 Peabody Street/Nashville/TN/37210,,,,,,5
2023-12-27,trx-311591357975,85470,Sophia,Smith,sophia.smith@yahoo.com[,,,16,Skirt,Clothing,,,,,,9,39.99,yes,PayPal,275 South 40th Street/Boulder/CO/80305,,,,,,5
2022-8-15,trx-987610885522,85522,Emma,Jones,emma.jones@hotmail.com{,,,3,Tablet,Electronics,,True,,,,8,299.99,yes,Credit Card,705 Upshur Street Northwest/Washington/DC/20011,,,,,,5
2023-2-6,trx-428420878499,85528,John,Taylor,john.taylor@hotmail.com)x,,,13,Printer,Electronics,True,,,,,6,149.99,yes,PayPal,81 Reynolds Drive/Colchester/VT/05446,,,,,,5
2023-8-11,trx-007061389158,85484,James,Taylor,james.taylor@yahoo.com&,,,16,Skirt,Clothing,,,,,,10,39.99,yes,PayPal,1701 Foster Avenue/Panama City/FL/32405,,,,,,5
2022-9-17,trx-514829014333,85529,James,Wilson,james.wilson@hotmail.com$u,,,6,Jeans,Clothing,,True,,,,2,49.99,yes,PayPal,117 Adelaide Road/Manchester/CT/06040,,,,,,5
2023-7-16,trx-297415793117,85478,John,Johnson,john.johnson@hotmail.com%x,,,16,Skirt,Clothing,,,True,,,4,39.99,yes,Stripe,421 West 1st Avenue/Anchorage/AK/99501,,,,,,5
2023-6-19,trx-894551943667,85471,Olivia,Wilson,olivia.wilson@outlook.com*,,,3,Tablet,Electronics,,,,True,,7,299.99,yes,Credit Card,18 Cambridge Street/Manchester/CT/06042,,,,,,5
2023-5-26,trx-837037901568,85480,Emma,Jones,emma.jones@hotmail.com ,,,8,Sneakers,Footwear,,,,,,3,79.99,yes,Credit Card,154 Byrd Drive/Panama City/FL/32404,,,,,,5
2022-8-13,trx-897679870369,85501,Emma,Taylor,emma.taylor@gmail.com\,,,10,Sandals,Footwear,,,,,,2,39.99,yes,Stripe,9200 Gainswood Circle/Montgomery/AL/36117,,,,,,5
2023-6-21,trx-396652018973,85554,Ava,Wilson,ava.wilson@outlook.com<,,,15,Hoodie,Clothing,,,,,,2,29.99,yes,Credit Card,2402 Eastbridge Court/Louisville/KY/40223,,,,,,5
2023-4-13,trx-386807581094,85511,Olivia,Davis,olivia.davis@outlook.com|,,,25,Washing Machine,Appliances,True,,,,,8,499.99,yes,PayPal,31353 Santa Elena Way/Union City/CA/94587,,,,,,5
2023-4-27,trx-392506231237,85506,Sophia,Wilson,sophia.wilson@hotmail.com(,,,27,Iron,Appliances,,,,,,2,29.99,yes,Stripe,227 Danyacrest Drive/Nashville/TN/37214,,,,,,5
2023-6-2,trx-809808607753,85507,Olivia,Smith,olivia.smith@hotmail.com;,,,26,Vacuum Cleaner,Appliances,,,,,,1,199.99,yes,Credit Card,2654 Quiet Water Cove/Annapolis/MD/21401,,,,,,5
2022-5-20,trx-333531992718,85479,Sophia,Davis,sophia.davis@hotmail.com',,,22,Coffee Maker,Appliances,,,,,,3,79.99,yes,Credit Card,3483 Canyon Creek Drive/San Jose/CA/95132,,,,,,5
2023-3-21,trx-814725059912,85522,Emma,Jones,emma.jones@hotmail.com>,,,14,Camera,Electronics,True,,,,,3,399.99,yes,Credit Card,706 Seagrove Road/Glen Burnie/MD/21060,,,,,,5
2023-11-9,trx-589458014950,85552,John,Wilson,john.wilson@yahoo.com}4,,,24,Blender,Appliances,,,,,,5,49.99,yes,Stripe,13426 North 54th Drive/Glendale/AZ/85304,,,,,,5
2022-3-4,trx-596408872416,85508,Ava,Smith,ava.smith@gmail.com)x,,,22,Coffee Maker,Appliances,,,True,,,5,79.99,yes,Stripe,1515 Chandlee Avenue/Panama City/FL/32405,,,,,,5
2022-9-7,trx-301252794866,85494,Sophia,Moore,sophia.moore@gmail.com&,,,12,Monitor,Electronics,,,,,,5,299.99,yes,PayPal,200 Hialeah Drive/Glen Burnie/MD/21060,,,,,,5
2022-3-2,trx-050536514880,85509,Ava,Taylor,ava.taylor@hotmail.com}4,,,9,Boots,Footwear,,,,,,5,129.99,yes,Credit Card,17 Marina Drive/Savannah/GA/31411,,,,,,5
2023-1-12,trx-161828492755,85555,James,Smith,james.smith@yahoo.com>,,,22,Coffee Maker,Appliances,,,,,,6,79.99,yes,PayPal,45 Parsons Avenue/Saint Albans City/VT/05478,,,,,,5
2023-6-3,trx-595006187159,85493,James,Jones,james.jones@gmail.com#4r,,,28,Hair Dryer,Appliances,,,,,,10,19.99,yes,Credit Card,5624 Oakes Drive/Brentwood/TN/37027,,,,,,5
2023-6-22,trx-276526882099,85478,John,Johnson,john.johnson@hotmail.com ,,,14,Camera,Electronics,,,,,,1,399.99,yes,Credit Card,12013 Blue Moon Avenue/Oklahoma City/OK/73162,,,,,,5
2022-3-24,trx-530844309751,85535,Olivia,Johnson,olivia.johnson@yahoo.com[,,,30,Electric Kettle,Appliances,,,True,,,4,24.99,yes,Stripe,8529 Old Harding Lane/Nashville/TN/37221,,,,,,5
2023-5-9,trx-725659772528,85535,Olivia,Johnson,olivia.johnson@yahoo.com|,,,12,Monitor,Electronics,,,,,,1,299.99,yes,Credit Card,1318 35th Street Northwest/Washington/DC/20007,,,,,,5
2022-2-24,trx-072986224829,85466,James,Williams,james.williams@yahoo.com|,,,8,Sneakers,Footwear,,,,True,,7,79.99,yes,Stripe,46 Sugarloaf Hill Road/Warren/VT/05674,,,,,,5
2022-10-11,trx-524284664187,85530,Olivia,Moore,olivia.moore@yahoo.com]x,,,28,Hair Dryer,Appliances,,True,,,,5,19.99,yes,Credit Card,109 Peter's Quay/Savannah/GA/31410,,,,,,5
2023-9-14,trx-806342634107,85474,Sophia,Davis,sophia.davis@gmail.com|,,,5,T-Shirt,Clothing,True,,,,,3,19.99,yes,Stripe,6116 West Charter Oak Road/Glendale/AZ/85304,,,,,,5
2023-3-18,trx-772224391401,85494,Sophia,Moore,sophia.moore@gmail.com[,,,9,Boots,Footwear,True,,,,,10,129.99,yes,Credit Card,28250 Dickens Avenue/Hayward/CA/94544,,,,,,5
2023-12-19,trx-624365582278,85490,Sophia,Johnson,sophia.johnson@yahoo.com{,,,15,Hoodie,Clothing,,,,,True,7,29.99,yes,Credit Card,1726 Bridgeview Lane/Lyndon/KY/40242,,,,,,5
2022-11-3,trx-427471382405,85543,James,Williams,james.williams@gmail.com}4,,,11,TV,Electronics,,,,,,7,899.99,yes,Credit Card,83 Oakdale Road/Newton/MA/02459,,,,,,5
2023-5-28,trx-698082533357,85483,Emma,Miller,emma.miller@hotmail.com^,,,29,Hair Straightener,Appliances,,,True,,,5,39.99,yes,Stripe,8716 Astrid Avenue/Louisville/KY/40228,,,,,,5
2023-6-1,trx-334086132647,85491,John,Taylor,john.taylor@outlook.com)x,,,14,Camera,Electronics,,,,,,1,399.99,yes,PayPal,108 East 11th Avenue/Anchorage/AK/99501,,,,,,5
2023-1-14,trx-889614832370,85462,James,Wilson,james.wilson@outlook.com:,,,7,Dress,Clothing,,,True,,,4,59.99,yes,Stripe,4513 Beth Manor Drive/Montgomery/AL/36109,,,,,,5
2022-3-23,trx-197546036755,85476,Alexander,Taylor,alexander.taylor@yahoo.com)x,,,9,Boots,Footwear,,,,,,10,129.99,yes,Credit Card,8 Chestnut Street/Winchester/MA/01890,,,,,,5
2022-2-17,trx-659833496043,85505,Sophia,Taylor,sophia.taylor@yahoo.com>,,,13,Printer,Electronics,,,,,,8,149.99,yes,Stripe,11300 Lillian Lane/Anchorage/AK/99515,,,,,,5
2023-7-6,trx-859056674054,85491,John,Taylor,john.taylor@outlook.com#4r,,,22,Coffee Maker,Appliances,,,True,,,6,79.99,yes,Credit Card,262 Mitchell Street/Groton/CT/06340,,,,,,5
2023-10-14,trx-858352748398,85520,Michael,Williams,michael.williams@yahoo.com{,,,1,Laptop,Electronics,,,,,,7,999.99,yes,Credit Card,9106 Ellis Way/Arvada/CO/80005,,,,,,5
2023-12-12,trx-532376257796,85470,Sophia,Smith,sophia.smith@yahoo.com]x,,,2,Smartphone,Electronics,,,,,True,1,699.99,yes,PayPal,736 Middle Turnpike East/Manchester/CT/06040,,,,,,5
2022-4-18,trx-023434205447,85548,Mia,Johnson,mia.johnson@hotmail.com[,,,21,Microwave,Appliances,,,,True,,7,129.99,yes,PayPal,14347 Corvallis Street/San Leandro/CA/94579,,,,,,5
2023-7-11,trx-072795218125,85523,Sophia,Smith,sophia.smith@hotmail.com>,,,26,Vacuum Cleaner,Appliances,,,,True,,9,199.99,yes,PayPal,2313 Mansfield Avenue/Del City/OK/73115,,,,,,5
2023-4-19,trx-761695213039,85499,Olivia,Wilson,olivia.wilson@gmail.com}4,,,30,Electric Kettle,Appliances,,,,,,8,24.99,yes,PayPal,110 Central Junction Boulevard/Savannah/GA/31405,,,,,,5
2023-10-9,trx-259365957442,85514,Ava,Davis,ava.davis@hotmail.com[,,,28,Hair Dryer,Appliances,,,,True,,9,19.99,yes,Stripe,6040 West Kings Avenue/Glendale/AZ/85306,,,,,,5
2022-5-18,trx-714603840358,85516,Mia,Miller,mia.miller@hotmail.comm,,,9,Boots,Footwear,,,,,,9,129.99,yes,Stripe,203 East Gwinnett Street/Savannah/GA/31401,,,,,,5
2022-4-3,trx-153697209340,85547,Emma,Miller,emma.miller@gmail.com(,,,4,Headphones,Electronics,,,,,True,5,99.99,yes,PayPal,1010 M Street Northwest/Washington/DC/20001,,,,,,5
2022-9-19,trx-037040151642,85551,William,Davis,william.davis@hotmail.com/,,,7,Dress,Clothing,,,,,,8,59.99,yes,Credit Card,2313 Mansfield Avenue/Del City/OK/73115,,,,,,5
2023-1-14,trx-782803341734,85553,John,Moore,john.moore@outlook.com{,,,14,Camera,Electronics,,True,,,,4,399.99,yes,Stripe,421 West 1st Avenue/Anchorage/AK/99501,,,,,,5
2023-6-21,trx-526888972056,85509,Ava,Taylor,"ava.taylor@hotmail.com""",,,22,Coffee Maker,Appliances,True,,,,,3,79.99,yes,PayPal,3298 Chestnut Street Northwest/Washington/DC/20015,,,,,,5
2022-1-2,trx-876502501976,85546,William,Taylor,william.taylor@outlook.com:,,,17,Blouse,Clothing,,,,True,,3,29.99,yes,Credit Card,1816 U Place Southeast/Washington/DC/20020,,,,,,5
2022-7-8,trx-042287993400,85493,James,Jones,james.jones@gmail.comm,,,13,Printer,Electronics,,,True,,,5,149.99,yes,Credit Card,1481 Stannage Avenue/Berkeley/CA/94702,,,,,,5
2022-10-17,trx-506669537750,85486,Emma,Moore,emma.moore@gmail.com*,,,5,T-Shirt,Clothing,,,,,True,4,19.99,yes,Stripe,9827 Davenport Avenue/Youngstown/FL/32466,,,,,,5
2022-8-15,trx-242724209537,85484,James,Taylor,james.taylor@yahoo.com)x,,,5,T-Shirt,Clothing,,,True,,,7,19.99,yes,Stripe,1425 Claremont Circle/Savannah/GA/31415,,,,,,5
2022-9-17,trx-645127583320,85509,Ava,Taylor,ava.taylor@hotmail.com&,,,25,Washing Machine,Appliances,,,,,True,4,499.99,yes,Stripe,57 Hidden Lake Court/Savannah/GA/31419,,,,,,5
2023-11-3,trx-519514681887,85491,John,Taylor,john.taylor@outlook.com ,,,23,Toaster,Appliances,,,,,True,5,39.99,yes,Credit Card,1318 4th Street Southwest/Washington/DC/20024,,,,,,5
2022-5-19,trx-404969186369,85516,Mia,Miller,mia.miller@hotmail.com^,,,15,Hoodie,Clothing,,True,,,,10,29.99,yes,PayPal,5792 Owl Hill Avenue/Santa Rosa/CA/95409,,,,,,5
2022-9-12,trx-156851838602,85541,John,Brown,john.brown@hotmail.com#4r,,,28,Hair Dryer,Appliances,,,True,,,3,19.99,yes,Stripe,5444 Nicole Boulevard/Panama City/FL/32404,,,,,,5
2022-2-7,trx-859992197891,85486,Emma,Moore,emma.moore@gmail.com/,,,13,Printer,Electronics,,,,,,9,149.99,yes,Credit Card,262 Mitchell Street/Groton/CT/06340,,,,,,5
2022-7-24,trx-929556004498,85505,Sophia,Taylor,sophia.taylor@yahoo.com]x,,,8,Sneakers,Footwear,,,,True,,6,79.99,yes,Credit Card,3 Emery Hill Drive/Dummerston/VT/05301,,,,,,5
2023-7-27,trx-792834462220,85535,Olivia,Johnson,olivia.johnson@yahoo.com*,,,12,Monitor,Electronics,,,,True,,2,299.99,yes,Stripe,2335 Orchard View Lane/Escondido/CA/92027,,,,,,5
2023-5-23,trx-137985000852,85557,William,Williams,william.williams@hotmail.com/,,,3,Tablet,Electronics,,,,,,10,299.99,yes,Credit Card,4812 Alton Place Northwest/Washington/DC/20016,,,,,,5
2023-8-3,trx-111377105192,85541,John,Brown,john.brown@hotmail.com[,,,5,T-Shirt,Clothing,,,,,,6,19.99,yes,PayPal,321 Kentucky Avenue Southeast/Washington/DC/20003,,,,,,5
2023-10-9,trx-551309856876,85484,James,Taylor,james.taylor@yahoo.com;,,,11,TV,Electronics,,,,True,,7,899.99,yes,PayPal,8112 Equestrian Drive/Severn/MD/21144,,,,,,5
2022-3-13,trx-129286344780,85471,Olivia,Wilson,olivia.wilson@outlook.com<,,,21,Microwave,Appliances,,,,,,4,129.99,yes,PayPal,5461 West Shades Valley Drive/Montgomery/AL/36108,,,,,,5
2023-3-25,trx-435923881801,85507,Olivia,Smith,olivia.smith@hotmail.com#4r,,,15,Hoodie,Clothing,,,True,,,2,29.99,yes,Credit Card,703 Elizabeth Barcus Way/Fortuna/CA/95540,,,,,,5
2022-2-13,trx-521393641703,85495,Michael,Johnson,michael.johnson@gmail.com\,,,17,Blouse,Clothing,,,True,,,5,29.99,yes,Credit Card,5706 Worchester Drive/Montgomery/AL/36116,,,,,,5
2022-9-8,trx-231325184256,85530,Olivia,Moore,olivia.moore@yahoo.com>,,,15,Hoodie,Clothing,,,,,,1,29.99,yes,PayPal,330 Michell Court/Livermore/CA/94551,,,,,,5
2023-12-12,trx-218546571602,85515,James,Miller,james.miller@gmail.com/,,,13,Printer,Electronics,,,,,,10,149.99,yes,Credit Card,2636 Knollwood Drive/Montgomery/AL/36116,,,,,,5
2022-7-21,trx-291338696003,85504,Sophia,Wilson,sophia.wilson@hotmail.com>,,,25,Washing Machine,Appliances,,True,,,,4,499.99,yes,PayPal,2315 Kezey Court/Crofton/MD/21114,,,,,,5
2023-9-19,trx-950064652770,85505,Sophia,Taylor,sophia.taylor@yahoo.com\,,,8,Sneakers,Footwear,,,True,,,3,79.99,yes,Stripe,Career Avenue/Washington/DC/20032,,,,,,5
2023-11-12,trx-680373351244,85553,John,Moore,john.moore@outlook.com%x,,,15,Hoodie,Clothing,,,,,,6,29.99,yes,Credit Card,31 Mitchell Road/Manchester/CT/06042,,,,,,5
2023-11-12,trx-291226911891,85485,James,Johnson,james.johnson@hotmail.com:,,,23,Toaster,Appliances,,,,,True,1,39.99,yes,Stripe,1208 Festival Lane/Montgomery/AL/36117,,,,,,5
2022-1-26,trx-957313584797,85517,Mia,Jones,mia.jones@outlook.com&,,,29,Hair Straightener,Appliances,,,,,,1,39.99,yes,PayPal,108 Chalmers Avenue/Glen Burnie/MD/21061,,,,,,5
2023-5-15,trx-781328242685,85480,Emma,Jones,emma.jones@hotmail.com\,,,25,Washing Machine,Appliances,,,,,,8,499.99,yes,Credit Card,2196 East Jonquil Road/Fayetteville/AR/72703,,,,,,5
2022-3-5,trx-135940839427,85550,Michael,Davis,"michael.davis@yahoo.com""",,,7,Dress,Clothing,True,,,,,1,59.99,yes,Stripe,95 Middle Turnpike West/Manchester/CT/06040,,,,,,5
2022-9-11,trx-581829045782,85514,Ava,Davis,ava.davis@hotmail.com>,,,5,T-Shirt,Clothing,,,,,,8,19.99,yes,Stripe,7407 North 75th Drive/Glendale/AZ/85303,,,,,,5
2022-9-4,trx-255421007145,85551,William,Davis,william.davis@hotmail.com%x,,,18,Boots,Footwear,,True,,,,5,149.99,yes,Credit Card,840 River Crest Court/Louisville/KY/40206,,,,,,5
2022-10-25,trx-044270053852,85488,Mia,Williams,mia.williams@hotmail.com&,,,29,Hair Straightener,Appliances,,True,,,,8,39.99,yes,Credit Card,3100 Gentilly Court/Montgomery/AL/36116,,,,,,5
2022-10-22,trx-989760773625,85464,Emma,Williams,emma.williams@hotmail.comm,,,25,Washing Machine,Appliances,,,,,,2,499.99,yes,Credit Card,112 3rd Street Northeast/Washington/DC/20002,,,,,,5
2023-9-9,trx-630128036126,85488,Mia,Williams,mia.williams@hotmail.com&,,,16,Skirt,Clothing,,,,,,1,39.99,yes,PayPal,22 Gallatin Street Northeast/Washington/DC/20011,,,,,,5
2023-3-10,trx-988427663816,85539,Sophia,Miller,sophia.miller@gmail.com]x,,,20,Heels,Footwear,,,,,,2,59.99,yes,Credit Card,8474 Chase Drive/Arvada/CO/80003,,,,,,5
2023-1-24,trx-983739739458,85493,James,Jones,james.jones@gmail.com|,,,27,Iron,Appliances,True,,,,,4,29.99,yes,Stripe,8304 Glaser Lane/Louisville/KY/40291,,,,,,5
2022-10-12,trx-071820734967,85479,Sophia,Davis,sophia.davis@hotmail.com]x,,,13,Printer,Electronics,,,,,True,1,149.99,yes,PayPal,4700 10th Street Northeast/Washington/DC/20017,,,,,,5
2022-2-17,trx-638689863824,85513,James,Williams,james.williams@hotmail.com<,,,19,Sandals,Footwear,,,,,,3,29.99,yes,PayPal,7034 West John Garrison Road/Fayetteville/AR/72704,,,,,,5
2022-8-16,trx-595528282579,85475,Alexander,Moore,alexander.moore@gmail.com*,,,29,Hair Straightener,Appliances,,,,True,,6,39.99,yes,PayPal,5444 Nicole Boulevard/Panama City/FL/32404,,,,,,5
2023-3-21,trx-595348359240,85544,Ava,Johnson,ava.johnson@gmail.com&,,,16,Skirt,Clothing,,,,,,7,39.99,yes,PayPal,70 Valley Road/Louisville/KY/40204,,,,,,5
2023-4-12,trx-450143145831,85480,Emma,Jones,emma.jones@hotmail.com>,,,11,TV,Electronics,,,,,,6,899.99,yes,Stripe,5985 Lamar Street/Arvada/CO/80003,,,,,,5
2023-1-16,trx-570676684542,85557,William,Williams,william.williams@hotmail.com&,,,20,Heels,Footwear,,,True,,,5,59.99,yes,Stripe,14347 Corvallis Street/San Leandro/CA/94579,,,,,,5
2022-3-21,trx-054661375080,85553,John,Moore,john.moore@outlook.com>,,,26,Vacuum Cleaner,Appliances,True,,,,,9,199.99,yes,Stripe,1635 Generals Highway/Annapolis/MD/21401,,,,,,5
2022-8-4,trx-048436791657,85479,Sophia,Davis,sophia.davis@hotmail.com]x,,,4,Headphones,Electronics,,,,,,2,99.99,yes,Stripe,3408 Bellisima Place/Louisville/KY/40245,,,,,,5
2023-2-14,trx-317173467038,85500,John,Davis,john.davis@yahoo.com<,,,23,Toaster,Appliances,,,,,,9,39.99,yes,Credit Card,266 South J Street/Livermore/CA/94550,,,,,,5
2023-9-10,trx-319153626625,85544,Ava,Johnson,"ava.johnson@gmail.com""",,,7,Dress,Clothing,,,,,True,4,59.99,yes,Stripe,1817 Southeast 14th Street/Moore/OK/73160,,,,,,5
2023-4-20,trx-453423497567,85540,Sophia,Jones,sophia.jones@hotmail.com>,,,29,Hair Straightener,Appliances,,,,,,10,39.99,yes,Stripe,7085 Gladiola Street/Arvada/CO/80004,,,,,,5
2023-2-16,trx-278117294517,85503,Alexander,Miller,alexander.miller@outlook.com<,,,4,Headphones,Electronics,,,,,,3,99.99,yes,Credit Card,249 Progress Drive/Manchester/CT/06042,,,,,,5
2022-2-10,trx-807762901418,85532,James,Wilson,james.wilson@outlook.com\,,,7,Dress,Clothing,,,,,True,4,59.99,yes,PayPal,184 Oak Street/Foxborough/MA/02035,,,,,,5
2022-9-21,trx-930054891681,85486,Emma,Moore,emma.moore@gmail.com[,,,11,TV,Electronics,,,True,,,9,899.99,yes,Stripe,7400 West Arrowhead Clubhouse Drive/Glendale/AZ/85308,,,,,,5
2023-12-5,trx-665642254218,85489,Emma,Wilson,emma.wilson@gmail.com^,,,6,Jeans,Clothing,True,,,,,8,49.99,yes,PayPal,152 Holly Court/Mountain View/CA/94043,,,,,,5
2022-1-5,trx-182666367225,85508,Ava,Smith,ava.smith@gmail.com%x,,,28,Hair Dryer,Appliances,,,,True,,4,19.99,yes,PayPal,7650 West 68th Avenue/Arvada/CO/80004,,,,,,5
2023-5-12,trx-284396325355,85523,Sophia,Smith,sophia.smith@hotmail.com#4r,,,15,Hoodie,Clothing,,,True,,,1,29.99,yes,Credit Card,5024 West Christy Drive/Glendale/AZ/85304,,,,,,5
2022-6-26,trx-608430953368,85562,John,Davis,john.davis@gmail.com>,,,17,Blouse,Clothing,,,True,,,4,29.99,yes,PayPal,631 North Eastern Boulevard/Montgomery/AL/36117,,,,,,5
2023-2-15,trx-791508706690,85481,Emma,Wilson,emma.wilson@yahoo.com)x,,,27,Iron,Appliances,,True,,,,9,29.99,yes,Credit Card,3079 North Bentley Ridge/Fayetteville/AR/72704,,,,,,5
2023-12-14,trx-359188979745,85555,James,Smith,james.smith@yahoo.com>,,,19,Sandals,Footwear,True,,,,,5,29.99,yes,PayPal,811 River Dell Drive/Louisville/KY/40206,,,,,,5
2023-1-14,trx-186673165944,85478,John,Johnson,john.johnson@hotmail.com ,,,8,Sneakers,Footwear,,,,,,5,79.99,yes,Stripe,4221 East Mission Boulevard/Fayetteville/AR/72703,,,,,,5
2023-2-21,trx-938695869278,85463,Mia,Wilson,mia.wilson@hotmail.com}4,,,22,Coffee Maker,Appliances,,,True,,,3,79.99,yes,Credit Card,6748 West San Juan Avenue/Glendale/AZ/85303,,,,,,5
2023-7-13,trx-373830569094,85538,Emma,Davis,emma.davis@gmail.com)x,,,16,Skirt,Clothing,,,,,True,5,39.99,yes,Credit Card,1771 Daisey Court/Millersville/MD/21108,,,,,,5
2023-8-6,trx-086866356573,85521,Olivia,Wilson,olivia.wilson@gmail.com^,,,27,Iron,Appliances,,,,,,10,29.99,yes,Credit Card,2355 Pearl Point/Fayetteville/AR/72701,,,,,,5
2023-5-25,trx-432346292970,85548,Mia,Johnson,mia.johnson@hotmail.com<,,,8,Sneakers,Footwear,,,,,True,1,79.99,yes,Stripe,14003 Crossbranch Court/Louisville/KY/40245,,,,,,5
2023-5-16,trx-688331365508,85496,Alexander,Moore,alexander.moore@hotmail.comm,,,30,Electric Kettle,Appliances,,,,,,9,24.99,yes,Credit Card,712 Southwest 1st Street/Moore/OK/73160,,,,,,5
2022-10-16,trx-149455215962,85511,Olivia,Davis,olivia.davis@outlook.com{,,,6,Jeans,Clothing,,,,True,,10,49.99,yes,PayPal,204 Blue Hills Drive/Nashville/TN/37214,,,,,,5
2023-5-4,trx-794939768904,85531,Sophia,Taylor,sophia.taylor@hotmail.com(,,,3,Tablet,Electronics,,,,,,4,299.99,yes,Stripe,928 Wright Avenue/Mountain View/CA/94043,,,,,,5
2022-10-21,trx-983613599322,85489,Emma,Wilson,emma.wilson@gmail.com^,,,19,Sandals,Footwear,,,True,,,5,29.99,yes,Stripe,3111 West Ika Lane/Fayetteville/AR/72704,,,,,,5
2023-11-21,trx-427469600556,85549,John,Williams,john.williams@hotmail.com}4,,,26,Vacuum Cleaner,Appliances,,,,,,5,199.99,yes,Credit Card,43949 South Moray Street/Fremont/CA/94539,,,,,,5
2022-11-6,trx-710259151118,85506,Sophia,Wilson,sophia.wilson@hotmail.com:,,,22,Coffee Maker,Appliances,,True,,,,1,79.99,yes,PayPal,900 North Leverett Avenue/Fayetteville/AR/72701,,,,,,5
2022-9-16,trx-663865097902,85511,Olivia,Davis,olivia.davis@outlook.com[,,,16,Skirt,Clothing,,,,,True,8,39.99,yes,Stripe,8351 Forest Drive/Pasadena/MD/21122,,,,,,5
2022-3-20,trx-755872968987,85507,Olivia,Smith,olivia.smith@hotmail.comm,,,18,Boots,Footwear,,,,,,8,149.99,yes,Stripe,5242 Thornton Lane/Panama City/FL/32404,,,,,,5
2023-4-15,trx-050274716266,85531,Sophia,Taylor,sophia.taylor@hotmail.com',,,11,TV,Electronics,,True,,,,10,899.99,yes,Stripe,6710 Quay Street/Arvada/CO/80003,,,,,,5
2022-4-15,trx-406456217939,85532,James,Wilson,james.wilson@outlook.com',,,8,Sneakers,Footwear,,,,,,10,79.99,yes,Stripe,600 West North Street/Fayetteville/AR/72701,,,,,,5
2023-5-2,trx-421688056021,85531,Sophia,Taylor,sophia.taylor@hotmail.com#4r,,,30,Electric Kettle,Appliances,,,,,,5,24.99,yes,Credit Card,1309 Graniteville Road/Williamstown/VT/05679,,,,,,5
2022-2-1,trx-625650802707,85550,Michael,Davis,michael.davis@yahoo.com/,,,17,Blouse,Clothing,,,,,,6,29.99,yes,Credit Card,3065 East Pebblestone Drive/Fayetteville/AR/72701,,,,,,5
2022-6-28,trx-231471272366,85482,Emma,Moore,emma.moore@gmail.com ,,,16,Skirt,Clothing,,,,True,,7,39.99,yes,Stripe,9436 Briarlea Court/Montgomery/AL/36117,,,,,,5
2022-2-9,trx-678876100891,85484,James,Taylor,james.taylor@yahoo.com>,,,17,Blouse,Clothing,,,,,True,4,29.99,yes,Credit Card,93 Marble Hill Road/Waitsfield/VT/05673,,,,,,5
2023-4-10,trx-748601854215,85528,John,Taylor,john.taylor@hotmail.com$u,,,16,Skirt,Clothing,,,,,,7,39.99,yes,Credit Card,102 East Ash Road/Plymouth/VT/05056,,,,,,5
2023-10-25,trx-140180114043,85495,Michael,Johnson,michael.johnson@gmail.com(,,,25,Washing Machine,Appliances,,,,,,9,499.99,yes,Credit Card,841 Whittier Hill Road//VT/05647,,,,,,5
2022-3-21,trx-412019611555,85478,John,Johnson,john.johnson@hotmail.com}4,,,3,Tablet,Electronics,True,,,,,1,299.99,yes,PayPal,600 West 19th Avenue/Anchorage/AK/99503,,,,,,5
2022-6-27,trx-277873754482,85505,Sophia,Taylor,sophia.taylor@yahoo.com)x,,,13,Printer,Electronics,,,,True,,5,149.99,yes,PayPal,6206 Waters Avenue/Savannah/GA/31406,,,,,,5
2022-4-8,trx-272182148851,85548,Mia,Johnson,mia.johnson@hotmail.com$u,,,8,Sneakers,Footwear,,,,,,7,79.99,yes,PayPal,2613 Cottonwood Street/Anchorage/AK/99508,,,,,,5
2022-12-21,trx-901199760072,85499,Olivia,Wilson,olivia.wilson@gmail.com\,,,8,Sneakers,Footwear,,,,,,4,79.99,yes,Credit Card,1749 Haleys Hope Court/Nashville/TN/37209,,,,,,5
2023-12-6,trx-990447720674,85462,James,Wilson,james.wilson@outlook.com>,,,2,Smartphone,Electronics,,,,True,,8,699.99,yes,Stripe,149 Lenox Street/Manchester/CT/06040,,,,,,5
2023-11-11,trx-969510581232,85530,Olivia,Moore,olivia.moore@yahoo.com%x,,,2,Smartphone,Electronics,,,,,,5,699.99,yes,Credit Card,8467 Chase Drive/Arvada/CO/80003,,,,,,5
2023-10-28,trx-090509607570,85542,Alexander,Smith,alexander.smith@yahoo.com)x,,,29,Hair Straightener,Appliances,,True,,,,4,39.99,yes,Stripe,11102 Little Rock Court/Louisville/KY/40241,,,,,,5
2023-6-24,trx-114521350311,85492,Michael,Miller,michael.miller@gmail.com]x,,,25,Washing Machine,Appliances,,,,,,3,499.99,yes,Stripe,800 Old Stage Road/Glen Burnie/MD/21061,,,,,,5
2022-9-27,trx-783183628308,85549,John,Williams,john.williams@hotmail.com]x,,,17,Blouse,Clothing,,,,,,6,29.99,yes,Credit Card,4770 Balboa Way/Fremont/CA/94536,,,,,,5
2023-12-9,trx-614544666570,85517,Mia,Jones,mia.jones@outlook.com[,,,12,Monitor,Electronics,,,True,,,10,299.99,yes,PayPal,8001 East 6th Avenue/Anchorage/AK/99504,,,,,,5
2022-4-8,trx-499070222499,85553,John,Moore,john.moore@outlook.com',,,30,Electric Kettle,Appliances,,,,,,4,24.99,yes,Stripe,3616 Echo Lane/Nashville/TN/37218,,,,,,5
2022-3-17,trx-358226957474,85506,Sophia,Wilson,sophia.wilson@hotmail.com;,,,5,T-Shirt,Clothing,,,,,,8,19.99,yes,Credit Card,3 Dayton Street/Chelmsford/MA/01863,,,,,,5
2023-12-23,trx-015533687412,85495,Michael,Johnson,michael.johnson@gmail.com]x,,,29,Hair Straightener,Appliances,,,,,,4,39.99,yes,Credit Card,7060 Eastern Avenue/Washington/DC/20012,,,,,,5
2022-3-7,trx-592129586344,85512,James,Wilson,james.wilson@yahoo.com:,,,6,Jeans,Clothing,True,,,,,8,49.99,yes,PayPal,8213 Northwest 65th Place/Oklahoma City/OK/73132,,,,,,5
2022-2-19,trx-584607119634,85560,Emma,Johnson,emma.johnson@outlook.com ,,,14,Camera,Electronics,True,,,,,10,399.99,yes,Credit Card,3060 Zelda Road/Montgomery/AL/36106,,,,,,5
2023-7-2,trx-353381333528,85471,Olivia,Wilson,olivia.wilson@outlook.com]x,,,13,Printer,Electronics,,,,,,10,149.99,yes,Stripe,7025 Queen Street/Arvada/CO/80004,,,,,,5
2022-7-26,trx-363587663898,85549,John,Williams,john.williams@hotmail.com|,,,27,Iron,Appliances,True,,,,,1,29.99,yes,PayPal,4300 Woodley Square/Montgomery/AL/36116,,,,,,5
2022-1-9,trx-301737469698,85498,Olivia,Davis,olivia.davis@gmail.com ,,,3,Tablet,Electronics,,,,,,7,299.99,yes,Stripe,33655 5th Street/Union City/CA/94587,,,,,,5
2023-3-18,trx-460106984944,85532,James,Wilson,james.wilson@outlook.com)x,,,8,Sneakers,Footwear,,,,True,,8,79.99,yes,PayPal,189 Dalton Avenue/Pittsfield/MA/01201,,,,,,5
2023-9-25,trx-552764363097,85533,Ava,Johnson,ava.johnson@hotmail.com/,,,25,Washing Machine,Appliances,,,,,,2,499.99,yes,Stripe,481 East Redbud Lane/Fayetteville/AR/72703,,,,,,5
2022-2-14,trx-117557191076,85543,James,Williams,james.williams@gmail.com(,,,18,Boots,Footwear,,,,,,3,149.99,yes,Credit Card,188 River Road/Essex/VT/05452,,,,,,5
2022-3-19,trx-432669778900,85468,William,Moore,william.moore@outlook.com#4r,,,1,Laptop,Electronics,,,,,,6,999.99,yes,Stripe,643 Farragut Street Northwest/Washington/DC/20011,,,,,,5
2022-7-10,trx-266142623915,85536,Michael,Davis,michael.davis@gmail.com$u,,,29,Hair Straightener,Appliances,,,,,True,1,39.99,yes,PayPal,5348 Main Street/Franklin/VT/05457,,,,,,5
2023-5-7,trx-532354413342,85483,Emma,Miller,emma.miller@hotmail.com[,,,24,Blender,Appliances,,True,,,,8,49.99,yes,PayPal,4313 Wisconsin Street/Anchorage/AK/99517,,,,,,5
2022-6-18,trx-014266677579,85556,William,Smith,william.smith@outlook.com[,,,15,Hoodie,Clothing,,,,,,5,29.99,yes,Stripe,5302 1st Street Northwest/Washington/DC/20011,,,,,,5
2023-8-12,trx-021079905492,85499,Olivia,Wilson,olivia.wilson@gmail.com:,,,1,Laptop,Electronics,,,,,,7,999.99,yes,Stripe,1623 Mines Road/Lowell/VT/05847,,,,,,5
2023-9-23,trx-404576602529,85535,Olivia,Johnson,olivia.johnson@yahoo.com#4r,,,15,Hoodie,Clothing,,True,,,,6,29.99,yes,Stripe,1903 Bashford Manor Lane/Louisville/KY/40218,,,,,,5
2023-11-5,trx-512451679190,85549,John,Williams,john.williams@hotmail.com',,,2,Smartphone,Electronics,,,True,,,7,699.99,yes,Credit Card,264 River Road/Richmond/VT/05477,,,,,,5
2023-3-15,trx-442777775147,85497,Michael,Williams,michael.williams@yahoo.com^,,,14,Camera,Electronics,,,,,,4,399.99,yes,Stripe,20097 Butterfield Drive/Castro Valley/CA/94546,,,,,,5
2023-7-4,trx-291012553967,85523,Sophia,Smith,sophia.smith@hotmail.com ,,,16,Skirt,Clothing,,,,,,1,39.99,yes,Stripe,1918 Spruce Street/Boulder/CO/80302,,,,,,5
2023-5-7,trx-347268629900,85475,Alexander,Moore,alexander.moore@gmail.com:,,,19,Sandals,Footwear,,,,True,,3,29.99,yes,Stripe,441 Merritt Avenue/Oakland/CA/94610,,,,,,5
2022-8-9,trx-929612629718,85512,James,Wilson,james.wilson@yahoo.com%x,,,9,Boots,Footwear,True,,,,,1,129.99,yes,Stripe,1514 16th Street Southeast/Washington/DC/20020,,,,,,5
2022-9-8,trx-913461541113,85475,Alexander,Moore,alexander.moore@gmail.com#4r,,,5,T-Shirt,Clothing,,,,,True,3,19.99,yes,PayPal,1157 1st Street Northwest/Washington/DC/20001,,,,,,5
2022-7-6,trx-259616329177,85548,Mia,Johnson,mia.johnson@hotmail.com ,,,9,Boots,Footwear,,,,,,6,129.99,yes,Credit Card,6823 Forsythe Drive/Panama City/FL/32404,,,,,,5
2022-10-14,trx-012037914693,85502,Ava,Wilson,ava.wilson@hotmail.com&,,,16,Skirt,Clothing,,,,,,8,39.99,yes,Stripe,22649 McManus Drive/Anchorage/AK/99567,,,,,,5
2023-5-20,trx-205908484184,85509,Ava,Taylor,ava.taylor@hotmail.com)x,,,27,Iron,Appliances,,,,True,,7,29.99,yes,PayPal,55 Sunrise Avenue/Moretown/VT/05660,,,,,,5
2022-7-14,trx-807202146569,85462,James,Wilson,james.wilson@outlook.com ,,,30,Electric Kettle,Appliances,,,True,,,3,24.99,yes,PayPal,57 Pierpoint Avenue/Rutland/VT/05701,,,,,,5
2023-5-7,trx-471374193187,85548,Mia,Johnson,mia.johnson@hotmail.com{,,,9,Boots,Footwear,,,,True,,2,129.99,yes,PayPal,7613 Yule Court/Arvada/CO/80007,,,,,,5
2023-8-9,trx-327466152680,85528,John,Taylor,john.taylor@hotmail.com}4,,,30,Electric Kettle,Appliances,,,,,True,10,24.99,yes,Stripe,16133 Hillsborough Boulevard/Port Charlotte/FL/33954,,,,,,5
2022-6-22,trx-329736162947,85495,Michael,Johnson,michael.johnson@gmail.com&,,,16,Skirt,Clothing,,,,True,,10,39.99,yes,PayPal,8757 Lamar Circle/Arvada/CO/80003,,,,,,5
2022-2-2,trx-418357285344,85501,Emma,Taylor,emma.taylor@gmail.com/,,,24,Blender,Appliances,,,,,,9,49.99,yes,Stripe,817 25th Street Northwest/Washington/DC/20037,,,,,,5
2022-3-24,trx-010164519460,85542,Alexander,Smith,alexander.smith@yahoo.com|,,,29,Hair Straightener,Appliances,,,,,,6,39.99,yes,PayPal,717 Joseph Avenue/Nashville/TN/37207,,,,,,5
2022-10-5,trx-086291155859,85465,Sophia,Wilson,sophia.wilson@hotmail.com<,,,11,TV,Electronics,,,,True,,5,899.99,yes,Credit Card,109 Peter's Quay/Savannah/GA/31410,,,,,,5
2023-3-12,trx-170957513003,85532,James,Wilson,james.wilson@outlook.com(,,,6,Jeans,Clothing,,,,True,,8,49.99,yes,Stripe,40902 Ingersoll Terrace/Fremont/CA/94538,,,,,,5
2022-7-12,trx-489567647520,85502,Ava,Wilson,ava.wilson@hotmail.com#4r,,,23,Toaster,Appliances,True,,,,,10,39.99,yes,Stripe,921 5th Street Southeast/Washington/DC/20003,,,,,,5
2022-6-6,trx-859698808168,85466,James,Williams,james.williams@yahoo.com:,,,20,Heels,Footwear,,,,,,5,59.99,yes,PayPal,1334 East 14th Avenue/Anchorage/AK/99501,,,,,,5
2022-8-28,trx-265905151906,85509,Ava,Taylor,ava.taylor@hotmail.com ,,,20,Heels,Footwear,,,,,,2,59.99,yes,PayPal,20375 Wisteria Street/Castro Valley/CA/94546,,,,,,5
2023-1-11,trx-622312719413,85473,Alexander,Moore,alexander.moore@gmail.com}4,,,26,Vacuum Cleaner,Appliances,,,True,,,10,199.99,yes,PayPal,1514 Canton Avenue/Milton/MA/02186,,,,,,5
2023-12-12,trx-242634797319,85528,John,Taylor,john.taylor@hotmail.com;,,,11,TV,Electronics,,,,,,2,899.99,yes,Stripe,962 South Silverado Drive/Fayetteville/AR/72701,,,,,,5
2023-10-4,trx-510302177686,85552,John,Wilson,john.wilson@yahoo.com>,,,24,Blender,Appliances,,,,,,1,49.99,yes,PayPal,3579 2nd Avenue/Edgewater/MD/21037,,,,,,5
2023-8-15,trx-259665166076,85483,Emma,Miller,emma.miller@hotmail.com)x,,,19,Sandals,Footwear,,,,True,,4,29.99,yes,Credit Card,3612 Jim Robison Drive/Edmond/OK/73013,,,,,,5
2023-10-15,trx-338797114588,85521,Olivia,Wilson,olivia.wilson@gmail.com',,,10,Sandals,Footwear,,True,,,,8,39.99,yes,Stripe,606 Lincoln Street/Savannah/GA/31401,,,,,,5
2023-7-24,trx-463017258196,85525,Emma,Wilson,emma.wilson@yahoo.com$u,,,11,TV,Electronics,,,,True,,4,899.99,yes,Stripe,6932 West Montebello Avenue/Glendale/AZ/85303,,,,,,5
2022-9-9,trx-080451345212,85500,John,Davis,john.davis@yahoo.com%x,,,12,Monitor,Electronics,,,,,True,5,299.99,yes,PayPal,3752 Roswell Place/Montgomery/AL/36116,,,,,,5
2023-7-9,trx-743702685093,85541,John,Brown,john.brown@hotmail.com{,,,30,Electric Kettle,Appliances,,,,,,6,24.99,yes,Stripe,5300 Robinwood Road/Louisville/KY/40218,,,,,,5
2023-3-15,trx-817275339612,85516,Mia,Miller,mia.miller@hotmail.com)x,,,4,Headphones,Electronics,,,True,,,6,99.99,yes,Stripe,265 Slater Street/Manchester/CT/06042,,,,,,5
2023-8-5,trx-133949751557,85490,Sophia,Johnson,sophia.johnson@yahoo.com#4r,,,29,Hair Straightener,Appliances,True,,,,,9,39.99,yes,Credit Card,11843 North 60th Avenue/Glendale/AZ/85304,,,,,,5
2022-5-3,trx-851780675682,85542,Alexander,Smith,alexander.smith@yahoo.com}4,,,3,Tablet,Electronics,,,,,,3,299.99,yes,PayPal,123 Remember Baker Lane/Hartford/VT/05001,,,,,,5
2023-8-6,trx-103540828001,85467,Sophia,Wilson,sophia.wilson@yahoo.com^,,,2,Smartphone,Electronics,True,,,,,6,699.99,yes,Stripe,6702 Johnny Mercer Boulevard/Savannah/GA/31410,,,,,,5
2022-5-20,trx-926170433211,85560,Emma,Johnson,emma.johnson@outlook.com/,,,22,Coffee Maker,Appliances,,,True,,,10,79.99,yes,Stripe,18827 Fish Hatchery Road/Anchorage/AK/99577,,,,,,5
2022-8-21,trx-747415217200,85515,James,Miller,james.miller@gmail.com]x,,,27,Iron,Appliances,,,,,,7,29.99,yes,Stripe,903 East 20th Avenue/Anchorage/AK/99501,,,,,,5
2023-10-26,trx-233944089811,85551,William,Davis,william.davis@hotmail.com\,,,4,Headphones,Electronics,,True,,,,7,99.99,yes,Stripe,188 River Road/Essex/VT/05452,,,,,,5
2023-12-22,trx-912734792258,85468,William,Moore,william.moore@outlook.com<,,,20,Heels,Footwear,,,,,True,7,59.99,yes,Stripe,6208 Ingalls Street/Arvada/CO/80003,,,,,,5
2023-7-23,trx-122198973493,85498,Olivia,Davis,olivia.davis@gmail.com',,,11,TV,Electronics,,,True,,,7,899.99,yes,Stripe,6624 Strawberry Lane/Louisville/KY/40214,,,,,,5
2022-3-18,trx-370363504431,85524,Alexander,Jones,alexander.jones@outlook.com}4,,,20,Heels,Footwear,,True,,,,2,59.99,yes,PayPal,1838 Crofton Parkway/Crofton/MD/21114,,,,,,5
2022-2-5,trx-055716736563,85540,Sophia,Jones,sophia.jones@hotmail.com}4,,,3,Tablet,Electronics,,,,,,2,299.99,yes,Credit Card,5605 North Terry Avenue/Oklahoma City/OK/73111,,,,,,5
2022-9-26,trx-332765801687,85505,Sophia,Taylor,sophia.taylor@yahoo.com)x,,,7,Dress,Clothing,,,,True,,1,59.99,yes,PayPal,6431 Shattuck Avenue/Oakland/CA/94609,,,,,,5
2023-2-1,trx-865615875367,85507,Olivia,Smith,olivia.smith@hotmail.com*,,,7,Dress,Clothing,,,,True,,9,59.99,yes,PayPal,529 Wesley Avenue/Nashville/TN/37207,,,,,,5
2023-4-8,trx-187579898514,85480,Emma,Jones,emma.jones@hotmail.com]x,,,5,T-Shirt,Clothing,,,,,,5,19.99,yes,Stripe,3200 Southwest 95th Street/Oklahoma City/OK/73159,,,,,,5
2022-2-10,trx-109987729348,85551,William,Davis,william.davis@hotmail.comm,,,11,TV,Electronics,,,,True,,2,899.99,yes,PayPal,19 Heritage/Oakland/CA/94605,,,,,,5
2022-4-24,trx-707603999396,85502,Ava,Wilson,ava.wilson@hotmail.com',,,17,Blouse,Clothing,,,,,,9,29.99,yes,PayPal,84 Holbrook Street/North Adams/MA/01247,,,,,,5
2022-8-18,trx-713858282173,85522,Emma,Jones,emma.jones@hotmail.com;,,,17,Blouse,Clothing,,,,,,1,29.99,yes,Stripe,1357 Addison Street/Berkeley/CA/94702,,,,,,5
2023-11-3,trx-470696860318,85470,Sophia,Smith,sophia.smith@yahoo.com:,,,11,TV,Electronics,,,,,True,9,899.99,yes,PayPal,2314 Marian Bay Circle/Anchorage/AK/99515,,,,,,5
2023-10-6,trx-554282157217,85497,Michael,Williams,michael.williams@yahoo.com',,,23,Toaster,Appliances,,,,,,7,39.99,yes,PayPal,634 Chautauqua Avenue/Norman/OK/73069,,,,,,5
2023-5-23,trx-811020506862,85507,Olivia,Smith,olivia.smith@hotmail.com$u,,,18,Boots,Footwear,,,,,,3,149.99,yes,Credit Card,218 Shipley Alley/Fayetteville/AR/72701,,,,,,5
2023-9-5,trx-021297216695,85490,Sophia,Johnson,sophia.johnson@yahoo.comm,,,20,Heels,Footwear,,,,,True,8,59.99,yes,Stripe,1208 Elkader Court North/Nashville/TN/37013,,,,,,5
2022-11-7,trx-390711150855,85501,Emma,Taylor,emma.taylor@gmail.com;,,,17,Blouse,Clothing,True,,,,,9,29.99,yes,Credit Card,4840 Reservoir Road Northwest/Washington/DC/20007,,,,,,5
2023-10-6,trx-064008303773,85515,James,Miller,james.miller@gmail.com}4,,,5,T-Shirt,Clothing,,,,,,5,19.99,yes,PayPal,1452 55th Avenue/Oakland/CA/94621,,,,,,5
2023-7-21,trx-911897889688,85539,Sophia,Miller,sophia.miller@gmail.com|,,,21,Microwave,Appliances,,True,,,,9,129.99,yes,Credit Card,1650 North Sang Avenue/Fayetteville/AR/72703,,,,,,5
2022-2-1,trx-937610639558,85497,Michael,Williams,michael.williams@yahoo.com{,,,16,Skirt,Clothing,,,,,,5,39.99,yes,PayPal,40700 Penn Lane/Fremont/CA/94538,,,,,,5
2023-3-2,trx-643881455035,85532,James,Wilson,james.wilson@outlook.com;,,,18,Boots,Footwear,,,True,,,8,149.99,yes,PayPal,29 White Oak Drive//VT/05465,,,,,,5
2023-10-19,trx-674037172775,85505,Sophia,Taylor,sophia.taylor@yahoo.com{,,,12,Monitor,Electronics,,,True,,,6,299.99,yes,PayPal,7030 Cotton Blossom Lane/Montgomery/AL/36117,,,,,,5
2023-8-13,trx-676982129604,85511,Olivia,Davis,olivia.davis@outlook.com>,,,20,Heels,Footwear,,,,,,3,59.99,yes,Credit Card,1809 U.S. 80/Savannah/GA/31408,,,,,,5
2023-3-1,trx-265195349577,85518,Alexander,Davis,alexander.davis@yahoo.com;,,,27,Iron,Appliances,True,,,,,4,29.99,yes,PayPal,2276 West Woodley Square/Montgomery/AL/36116,,,,,,5
2022-1-25,trx-867170713733,85497,Michael,Williams,michael.williams@yahoo.com<,,,13,Printer,Electronics,,,True,,,1,149.99,yes,Stripe,501 Running Creek Place/Louisville/KY/40243,,,,,,5
2023-4-4,trx-032115618106,85498,Olivia,Davis,olivia.davis@gmail.com<,,,19,Sandals,Footwear,,,True,,,8,29.99,yes,Stripe,406 Ashwood Court/Vacaville/CA/95688,,,,,,5
2023-4-7,trx-313188873550,85499,Olivia,Wilson,olivia.wilson@gmail.com}4,,,11,TV,Electronics,,,,,True,1,899.99,yes,Stripe,17433 Teklanika Drive/Anchorage/AK/99577,,,,,,5
2023-5-8,trx-325410403134,85529,James,Wilson,james.wilson@hotmail.com{,,,28,Hair Dryer,Appliances,,,,,True,3,19.99,yes,Credit Card,126 Marjorie Lane/Manchester/CT/06042,,,,,,5
2022-2-18,trx-820444357133,85472,Alexander,Wilson,alexander.wilson@outlook.com>,,,7,Dress,Clothing,,,,,,3,59.99,yes,PayPal,2686 Avery Park Drive/Nashville/TN/37211,,,,,,5
2022-9-26,trx-206017920083,85561,Olivia,Moore,olivia.moore@hotmail.com<,,,8,Sneakers,Footwear,,,,,,5,79.99,yes,Stripe,2505 Southwest 43rd Street/Oklahoma City/OK/73119,,,,,,5
2022-12-3,trx-512863698236,85534,Emma,Davis,"emma.davis@gmail.com""",,,27,Iron,Appliances,,,,,True,9,29.99,yes,Credit Card,172 Homestead Street/Manchester/CT/06042,,,,,,5
2023-1-4,trx-607631342756,85500,John,Davis,john.davis@yahoo.com/,,,7,Dress,Clothing,,,,,True,6,59.99,yes,PayPal,51 Edgar Road/Scituate/MA/02066,,,,,,5
2022-8-14,trx-894087318671,85554,Ava,Wilson,ava.wilson@outlook.com%x,,,12,Monitor,Electronics,,,,,True,4,299.99,yes,Stripe,4700 10th Street Northeast/Washington/DC/20017,,,,,,5
2023-5-17,trx-870837791896,85524,Alexander,Jones,alexander.jones@outlook.com#4r,,,19,Sandals,Footwear,,,,,,5,29.99,yes,PayPal,1607 Louisiana Avenue/Panama City/FL/32405,,,,,,5
2022-3-6,trx-415596473429,85561,Olivia,Moore,olivia.moore@hotmail.com:,,,23,Toaster,Appliances,,,,,,9,39.99,yes,Stripe,480 Keene Road/Walden/VT/05836,,,,,,5
2022-3-22,trx-085820693101,85551,William,Davis,william.davis@hotmail.com|,,,9,Boots,Footwear,,,,,,7,129.99,yes,Stripe,3215 Madsen Street/Hayward/CA/94541,,,,,,5
2023-6-20,trx-246941659946,85470,Sophia,Smith,sophia.smith@yahoo.com{,,,21,Microwave,Appliances,,,,,,3,129.99,yes,PayPal,100 East Joyce Boulevard/Fayetteville/AR/72703,,,,,,5
2023-11-19,trx-286138584101,85507,Olivia,Smith,olivia.smith@hotmail.com{,,,17,Blouse,Clothing,,,,,,4,29.99,yes,PayPal,3825 West Muhammad Ali Boulevard/Louisville/KY/40212,,,,,,5
2022-9-13,trx-024212896018,85477,John,Jones,john.jones@gmail.com(,,,27,Iron,Appliances,,,,True,,10,29.99,yes,Credit Card,85 Hokum Rock Road/Dennis/MA/02638,,,,,,5
2023-8-12,trx-760943577161,85555,James,Smith,james.smith@yahoo.com:,,,22,Coffee Maker,Appliances,True,,,,,3,79.99,yes,Credit Card,814 Coachway/Annapolis/MD/21401,,,,,,5
2022-5-25,trx-389164760376,85465,Sophia,Wilson,sophia.wilson@hotmail.com#4r,,,12,Monitor,Electronics,,,True,,,10,299.99,yes,Credit Card,711 Tashanna Lane/Southport/FL/32409,,,,,,5
2022-9-17,trx-905416439624,85558,Emma,Moore,emma.moore@hotmail.com>,,,24,Blender,Appliances,,,,,,4,49.99,yes,PayPal,1761 Thousand Oaks Boulevard/Berkeley/CA/94707,,,,,,5
2023-8-9,trx-230221415072,85490,Sophia,Johnson,sophia.johnson@yahoo.com$u,,,14,Camera,Electronics,,,,,,5,399.99,yes,PayPal,7910 Ralston Road/Arvada/CO/80002,,,,,,5
2022-11-24,trx-876529816333,85501,Emma,Taylor,emma.taylor@gmail.comm,,,29,Hair Straightener,Appliances,,,,,True,5,39.99,yes,Stripe,351 Porter Street/Manchester/CT/06040,,,,,,5
2023-1-26,trx-175176471660,85535,Olivia,Johnson,olivia.johnson@yahoo.com ,,,22,Coffee Maker,Appliances,,,,,True,1,79.99,yes,PayPal,8221 Surf Drive/Panama City/FL/32408,,,,,,5
2023-1-27,trx-296020387826,85522,Emma,Jones,"emma.jones@hotmail.com""",,,29,Hair Straightener,Appliances,,,,True,,8,39.99,yes,Credit Card,5929 West Via Montoya Drive/Glendale/AZ/85310,,,,,,5
2022-12-28,trx-708697104702,85553,John,Moore,john.moore@outlook.com*,,,7,Dress,Clothing,True,,,,,7,59.99,yes,Credit Card,208 Timrod Road/Manchester/CT/06040,,,,,,5
2023-4-18,trx-957910119747,85507,Olivia,Smith,olivia.smith@hotmail.com;,,,22,Coffee Maker,Appliances,,,,,,8,79.99,yes,Credit Card,6342 West Wheeler Road/Fayetteville/AR/72704,,,,,,5
2023-10-15,trx-692919961147,85473,Alexander,Moore,alexander.moore@gmail.com',,,28,Hair Dryer,Appliances,,,,,,10,19.99,yes,Stripe,12371 Atlanta Highway/Montgomery/AL/36117,,,,,,5
2022-9-22,trx-518451700612,85558,Emma,Moore,emma.moore@hotmail.com^,,,23,Toaster,Appliances,,,,,True,5,39.99,yes,Credit Card,8700 Seaton Boulevard/Montgomery/AL/36116,,,,,,5
2022-7-28,trx-610324931438,85472,Alexander,Wilson,alexander.wilson@outlook.com/,,,10,Sandals,Footwear,,,,True,,4,39.99,yes,PayPal,36043 Soapberry Commons/Fremont/CA/94536,,,,,,5
2022-5-5,trx-004034270122,85470,Sophia,Smith,sophia.smith@yahoo.com[,,,2,Smartphone,Electronics,,True,,,,3,699.99,yes,PayPal,7296 West Wedington Drive/Fayetteville/AR/72704,,,,,,5
2022-3-7,trx-185267647230,85551,William,Davis,william.davis@hotmail.com%x,,,28,Hair Dryer,Appliances,,,,,,4,19.99,yes,Credit Card,1823 North Munchkin Lane/Fayetteville/AR/72704,,,,,,5
2023-3-6,trx-777419506289,85473,Alexander,Moore,alexander.moore@gmail.com[,,,21,Microwave,Appliances,,,True,,,5,129.99,yes,Credit Card,31 Ashworth Street/Manchester/CT/06040,,,,,,5
2022-4-2,trx-322858426373,85542,Alexander,Smith,alexander.smith@yahoo.com)x,,,5,T-Shirt,Clothing,,,,,True,6,19.99,yes,Credit Card,650 Malvern Street/Montgomery/AL/36108,,,,,,5
2023-2-26,trx-129676025762,85549,John,Williams,john.williams@hotmail.com*,,,21,Microwave,Appliances,True,,,,,4,129.99,yes,PayPal,17109 Guava Avenue/Panama City Beach/FL/32413,,,,,,5
2023-6-3,trx-229479210732,85510,Mia,Davis,mia.davis@hotmail.com^,,,14,Camera,Electronics,,True,,,,1,399.99,yes,Stripe,4050 Bryce Road/Nashville/TN/37211,,,,,,5
2022-4-25,trx-824959817554,85467,Sophia,Wilson,sophia.wilson@yahoo.com\,,,15,Hoodie,Clothing,,,,,,2,29.99,yes,PayPal,126 Marjorie Lane/Manchester/CT/06042,,,,,,5
2022-12-23,trx-792089385352,85503,Alexander,Miller,alexander.miller@outlook.com\,,,18,Boots,Footwear,,True,,,,4,149.99,yes,Stripe,1324 Beddington Park/Nashville/TN/37215,,,,,,5
2022-1-6,trx-025372409102,85495,Michael,Johnson,michael.johnson@gmail.com',,,30,Electric Kettle,Appliances,,,,,True,7,24.99,yes,PayPal,3728 9th Street Northwest/Washington/DC/20010,,,,,,5
2022-6-17,trx-954143309676,85486,Emma,Moore,emma.moore@gmail.com/,,,15,Hoodie,Clothing,True,,,,,9,29.99,yes,PayPal,325 Joseph Circle/Southport/FL/32409,,,,,,5
2023-6-12,trx-949954246477,85527,William,Taylor,william.taylor@hotmail.com$u,,,8,Sneakers,Footwear,,,,,,10,79.99,yes,Stripe,22825 North 74th Lane/Glendale/AZ/85310,,,,,,5
2022-10-10,trx-099373897912,85531,Sophia,Taylor,sophia.taylor@hotmail.com|,,,24,Blender,Appliances,,,,,,6,49.99,yes,Credit Card,1100 Cleveland Street/Fayetteville/AR/72701,,,,,,5
2023-2-7,trx-488009137939,85549,John,Williams,john.williams@hotmail.com\,,,2,Smartphone,Electronics,,,,True,,8,699.99,yes,PayPal,45 Heathcote Circle/Savannah/GA/31405,,,,,,5
2022-7-9,trx-378348315954,85521,Olivia,Wilson,olivia.wilson@gmail.com}4,,,7,Dress,Clothing,,True,,,,4,59.99,yes,PayPal,2236 Susitna Drive/Anchorage/AK/99517,,,,,,5
2023-8-8,trx-971797205490,85505,Sophia,Taylor,sophia.taylor@yahoo.com\,,,24,Blender,Appliances,,,True,,,8,49.99,yes,Stripe,2636 Knollwood Drive/Montgomery/AL/36116,,,,,,5
2022-1-7,trx-120044882489,85554,Ava,Wilson,ava.wilson@outlook.com$u,,,10,Sandals,Footwear,,,,,,8,39.99,yes,Stripe,913 Fallview Trail/Nashville/TN/37211,,,,,,5
2022-3-13,trx-740991087304,85544,Ava,Johnson,ava.johnson@gmail.comm,,,4,Headphones,Electronics,,,,,,2,99.99,yes,PayPal,14525 South Brent Drive/Oklahoma City/OK/73170,,,,,,5
2022-5-9,trx-567940498938,85544,Ava,Johnson,ava.johnson@gmail.com^,,,28,Hair Dryer,Appliances,,,,,,8,19.99,yes,PayPal,1123 Glenwood Avenue/Nashville/TN/37204,,,,,,5
2022-11-13,trx-864541947663,85462,James,Wilson,james.wilson@outlook.com)x,,,13,Printer,Electronics,,,,,,7,149.99,yes,PayPal,4444 Central Avenue/Fremont/CA/94536,,,,,,5
2023-10-13,trx-923768790843,85509,Ava,Taylor,ava.taylor@hotmail.comm,,,23,Toaster,Appliances,,,,True,,8,39.99,yes,PayPal,503 Blackwood Terrace Southeast/Calhoun/GA/30701,,,,,,5
2023-3-28,trx-396978442323,85548,Mia,Johnson,mia.johnson@hotmail.com{,,,15,Hoodie,Clothing,True,,,,,6,29.99,yes,Credit Card,2230 Armstrong Drive/Savannah/GA/31404,,,,,,5
2023-12-1,trx-372058562360,85464,Emma,Williams,emma.williams@hotmail.com%x,,,15,Hoodie,Clothing,,,,,,3,29.99,yes,Credit Card,89 High Ledge Circle/Manchester/CT/06040,,,,,,5
2023-8-7,trx-031763923669,85493,James,Jones,james.jones@gmail.com]x,,,19,Sandals,Footwear,,,,,,6,29.99,yes,Stripe,1427 South Carolina Avenue Southeast/Washington/DC/20003,,,,,,5
2023-1-14,trx-463034447864,85509,Ava,Taylor,ava.taylor@hotmail.com;,,,11,TV,Electronics,,,,True,,6,899.99,yes,PayPal,3516 North Virginia Avenue/Oklahoma City/OK/73118,,,,,,5
2023-4-20,trx-344756934498,85502,Ava,Wilson,ava.wilson@hotmail.com^,,,13,Printer,Electronics,,,,,,7,149.99,yes,PayPal,172 Chestnut Street/Lynn/MA/01902,,,,,,5
2022-12-17,trx-704801392142,85540,Sophia,Jones,sophia.jones@hotmail.com[,,,5,T-Shirt,Clothing,,,,True,,5,19.99,yes,Stripe,2A Cleveland Park Rd/Freetown/MA/02717,,,,,,5
2023-7-9,trx-073169533488,85524,Alexander,Jones,alexander.jones@outlook.com:,,,29,Hair Straightener,Appliances,,True,,,,6,39.99,yes,PayPal,21323 North 64th Avenue/Glendale/AZ/85308,,,,,,5
2022-7-16,trx-428115368030,85479,Sophia,Davis,sophia.davis@hotmail.comm,,,26,Vacuum Cleaner,Appliances,,,,,,10,199.99,yes,Credit Card,22424 Birchwood Loop Road/Anchorage/AK/99567,,,,,,5
2022-9-1,trx-131260627105,85560,Emma,Johnson,emma.johnson@outlook.com}4,,,27,Iron,Appliances,True,,,,,4,29.99,yes,Stripe,5329 A Street/Greeley/CO/80634,,,,,,5
2022-1-17,trx-351992275095,85544,Ava,Johnson,ava.johnson@gmail.com|,,,15,Hoodie,Clothing,,,,,True,1,29.99,yes,PayPal,15509 East 7th Circle/Aurora/CO/80011,,,,,,5
2022-5-4,trx-687956713946,85507,Olivia,Smith,olivia.smith@hotmail.com ,,,20,Heels,Footwear,True,,,,,7,59.99,yes,Stripe,45 Baldridge Road/Annapolis/MD/21401,,,,,,5
2023-6-7,trx-428597975532,85529,James,Wilson,"james.wilson@hotmail.com""",,,13,Printer,Electronics,,,,,,6,149.99,yes,Stripe,8 Richardson Road/Barre/VT/05641,,,,,,5
2023-11-10,trx-829368228390,85550,Michael,Davis,michael.davis@yahoo.com&,,,6,Jeans,Clothing,True,,,,,8,49.99,yes,Credit Card,6047 Cole Court/Arvada/CO/80004,,,,,,5
2022-10-14,trx-244083869606,85546,William,Taylor,william.taylor@outlook.com ,,,27,Iron,Appliances,,,True,,,9,29.99,yes,Credit Card,3604 Ridgehaven Drive/Midwest City/OK/73110,,,,,,5
2022-11-25,trx-090653782820,85463,Mia,Wilson,mia.wilson@hotmail.com&,,,21,Microwave,Appliances,,,,,,2,129.99,yes,Stripe,218 Saint Antons Way/Arnold/MD/21012,,,,,,5
2023-12-24,trx-670367611528,85540,Sophia,Jones,sophia.jones@hotmail.com\,,,8,Sneakers,Footwear,,,,,True,7,79.99,yes,Credit Card,2044 Bullard Street/Montgomery/AL/36106,,,,,,5
2023-9-24,trx-189057945671,85479,Sophia,Davis,sophia.davis@hotmail.com*,,,6,Jeans,Clothing,,,,,,9,49.99,yes,Stripe,319 West Silverwood Drive/Midwest City/OK/73110,,,,,,5
2023-8-21,trx-181918169559,85525,Emma,Wilson,emma.wilson@yahoo.com:,,,7,Dress,Clothing,,,,,True,5,59.99,yes,Stripe,5005 North Miller Avenue/Oklahoma City/OK/73112,,,,,,5
2022-1-18,trx-541904035343,85530,Olivia,Moore,olivia.moore@yahoo.com*,,,5,T-Shirt,Clothing,,True,,,,9,19.99,yes,Credit Card,1129 I Street/Anchorage/AK/99501,,,,,,5
2022-3-13,trx-568213410563,85488,Mia,Williams,mia.williams@hotmail.com[,,,25,Washing Machine,Appliances,True,,,,,1,499.99,yes,Credit Card,6605 North 93RD Avenue/Glendale/AZ/85305,,,,,,5
2023-10-26,trx-691426029288,85492,Michael,Miller,michael.miller@gmail.com%x,,,5,T-Shirt,Clothing,True,,,,,2,19.99,yes,Stripe,65 Lowry Road/Falmouth/MA/02540,,,,,,5
2022-9-4,trx-497239445317,85551,William,Davis,william.davis@hotmail.com^,,,21,Microwave,Appliances,True,,,,,10,129.99,yes,Credit Card,5370 Business Park Drive/Montgomery/AL/36116,,,,,,5
2023-12-16,trx-978894016815,85484,James,Taylor,james.taylor@yahoo.com:,,,14,Camera,Electronics,,,,,,2,399.99,yes,Credit Card,2052 East 42nd Street/Savannah/GA/31404,,,,,,5
2022-11-27,trx-212868248548,85541,John,Brown,john.brown@hotmail.com*,,,26,Vacuum Cleaner,Appliances,,,,,,3,199.99,yes,Stripe,5222 West Laurie Lane/Glendale/AZ/85302,,,,,,5
2022-11-6,trx-257440256680,85541,John,Brown,john.brown@hotmail.com>,,,7,Dress,Clothing,,,,,,7,59.99,yes,Stripe,401 East Northern Lights Boulevard/Anchorage/AK/99503,,,,,,5
2023-11-1,trx-552046889839,85500,John,Davis,john.davis@yahoo.com|,,,15,Hoodie,Clothing,,,,,,9,29.99,yes,PayPal,50 Winthrop Avenue/Lawrence/MA/01843,,,,,,5
2022-10-16,trx-057809184425,85512,James,Wilson,james.wilson@yahoo.com;,,,19,Sandals,Footwear,,,,True,,6,29.99,yes,Credit Card,30 Tanner Street/Manchester/CT/06042,,,,,,5
2023-1-14,trx-622328991766,85516,Mia,Miller,mia.miller@hotmail.com}4,,,13,Printer,Electronics,,True,,,,7,149.99,yes,PayPal,8349 West Stella Way/Glendale/AZ/85305,,,,,,5
2023-10-27,trx-671462105242,85483,Emma,Miller,emma.miller@hotmail.com(,,,11,TV,Electronics,,,,True,,8,899.99,yes,Stripe,1811 1st Street Northwest/Washington/DC/20001,,,,,,5
2022-5-24,trx-907150280744,85472,Alexander,Wilson,alexander.wilson@outlook.com<,,,27,Iron,Appliances,,,,,,6,29.99,yes,Stripe,276 Adams Street/Quincy/MA/02169,,,,,,5
2022-11-11,trx-530647892657,85561,Olivia,Moore,olivia.moore@hotmail.comm,,,17,Blouse,Clothing,,,,,,8,29.99,yes,PayPal,53 Philip Road/Manchester/CT/06040,,,,,,5
2022-5-8,trx-590251700088,85556,William,Smith,william.smith@outlook.com$u,,,27,Iron,Appliances,,True,,,,8,29.99,yes,PayPal,23 Columbia Drive/Manchester/CT/06042,,,,,,5
2022-7-14,trx-765307654390,85540,Sophia,Jones,sophia.jones@hotmail.com&,,,25,Washing Machine,Appliances,,,,,,6,499.99,yes,Credit Card,814 Coachway/Annapolis/MD/21401,,,,,,5
2023-2-16,trx-055864472003,85527,William,Taylor,william.taylor@hotmail.comm,,,13,Printer,Electronics,,,,,,1,149.99,yes,Credit Card,2802 US Highway 98/Mexico Beach/FL/32456,,,,,,5
2022-4-5,trx-837223788114,85464,Emma,Williams,"emma.williams@hotmail.com""",,,6,Jeans,Clothing,,,,,,5,49.99,yes,PayPal,721 Bay Ridge Avenue/Annapolis/MD/21403,,,,,,5
2023-3-15,trx-468724486334,85529,James,Wilson,james.wilson@hotmail.com$u,,,6,Jeans,Clothing,,,,,,4,49.99,yes,PayPal,1631 Madison Avenue/Montgomery/AL/36107,,,,,,5
2023-5-16,trx-397410263232,85524,Alexander,Jones,alexander.jones@outlook.com/,,,14,Camera,Electronics,,,,,,6,399.99,yes,Credit Card,627 Emerson Street Northwest/Washington/DC/20011,,,,,,5
2022-4-8,trx-449955576606,85515,James,Miller,james.miller@gmail.com|,,,23,Toaster,Appliances,,,True,,,5,39.99,yes,PayPal,2222 Martin Luther King Junior Boulevard/Fayetteville/AR/72701,,,,,,5
2022-4-5,trx-922946624785,85549,John,Williams,john.williams@hotmail.com(,,,10,Sandals,Footwear,,,,,,9,39.99,yes,PayPal,1314 89th Avenue/Oakland/CA/94621,,,,,,5
2022-8-19,trx-557764938454,85531,Sophia,Taylor,sophia.taylor@hotmail.com^,,,16,Skirt,Clothing,,,,,,7,39.99,yes,Stripe,218 Oleander Drive/Panama City Beach/FL/32413,,,,,,5
2023-7-12,trx-723799913569,85478,John,Johnson,john.johnson@hotmail.com%x,,,3,Tablet,Electronics,True,,,,,8,299.99,yes,Credit Card,1223 Delaware Avenue/Deale/MD/20733,,,,,,5
2023-6-2,trx-014276484414,85490,Sophia,Johnson,sophia.johnson@yahoo.com ,,,1,Laptop,Electronics,,,,,,9,999.99,yes,Credit Card,3600 Pennsylvania Avenue/Fremont/CA/94536,,,,,,5
2022-1-25,trx-756652044621,85506,Sophia,Wilson,sophia.wilson@hotmail.com>,,,11,TV,Electronics,True,,,,,2,899.99,yes,Stripe,6506 North Lagoon Drive/Panama City Beach/FL/32408,,,,,,5
2023-3-13,trx-919594182001,85469,James,Smith,james.smith@hotmail.com;,,,11,TV,Electronics,,,,,,8,899.99,yes,Stripe,5055 West 58th Avenue/Arvada/CO/80002,,,,,,5
2023-7-9,trx-417142733585,85492,Michael,Miller,michael.miller@gmail.com}4,,,11,TV,Electronics,,,True,,,8,899.99,yes,Stripe,6604 Northwest 130th Street/Oklahoma City/OK/73142,,,,,,5
2023-4-7,trx-532568495114,85475,Alexander,Moore,alexander.moore@gmail.com]x,,,5,T-Shirt,Clothing,,,,,,2,19.99,yes,Credit Card,3537 West Chevaux Drive/Fayetteville/AR/72704,,,,,,5
2023-6-22,trx-179710771535,85529,James,Wilson,james.wilson@hotmail.com(,,,4,Headphones,Electronics,,,,,,1,99.99,yes,PayPal,2552 Massachusetts Avenue Northwest/Washington/DC/20008,,,,,,5
2023-10-9,trx-741308054781,85555,James,Smith,james.smith@yahoo.com)x,,,5,T-Shirt,Clothing,,,,,,2,19.99,yes,Credit Card,5331 Rexford Court/Montgomery/AL/36116,,,,,,5
2022-6-1,trx-445564598656,85503,Alexander,Miller,alexander.miller@outlook.com{,,,6,Jeans,Clothing,,,,,,5,49.99,yes,Credit Card,89 Plaistow Road/Haverhill/MA/01830,,,,,,5
2022-10-2,trx-528756367537,85480,Emma,Jones,emma.jones@hotmail.com$u,,,17,Blouse,Clothing,True,,,,,8,29.99,yes,Stripe,707 Harrisburg Drive/Davidsonville/MD/21035,,,,,,5
2023-9-8,trx-703414962775,85491,John,Taylor,john.taylor@outlook.com|,,,22,Coffee Maker,Appliances,,,True,,,1,79.99,yes,PayPal,126 Garth Road/Manchester/CT/06040,,,,,,5
2022-9-26,trx-796768340083,85475,Alexander,Moore,alexander.moore@gmail.com[,,,5,T-Shirt,Clothing,,,,,,2,19.99,yes,Stripe,1815 Grove Hill Lane/Montgomery/AL/36106,,,,,,5
2023-6-24,trx-659872191444,85497,Michael,Williams,michael.williams@yahoo.com ,,,22,Coffee Maker,Appliances,,,,,,2,79.99,yes,PayPal,800 Old Stage Road/Glen Burnie/MD/21061,,,,,,5
2022-1-18,trx-352338058574,85510,Mia,Davis,mia.davis@hotmail.com]x,,,13,Printer,Electronics,,,,,True,2,149.99,yes,Stripe,1842 West Park Place/Oklahoma City/OK/73106,,,,,,5
2022-3-25,trx-087217085762,85478,John,Johnson,john.johnson@hotmail.com<,,,28,Hair Dryer,Appliances,,,,True,,4,19.99,yes,PayPal,640 Hilliard Street/Manchester/CT/06042,,,,,,5
2023-5-28,trx-882267956592,85518,Alexander,Davis,alexander.davis@yahoo.com(,,,2,Smartphone,Electronics,,,,True,,5,699.99,yes,Stripe,718 Dutchmans Court/Nashville/TN/37076,,,,,,5
2022-11-28,trx-579768360143,85474,Sophia,Davis,sophia.davis@gmail.com/,,,15,Hoodie,Clothing,,,,,,2,29.99,yes,Credit Card,2622 Martin Luther King Junior Boulevard/Fayetteville/AR/72704,,,,,,5
2022-11-11,trx-849636279535,85517,Mia,Jones,mia.jones@outlook.com&,,,12,Monitor,Electronics,,,,,,2,299.99,yes,Credit Card,207 Spruce Street/Manchester/CT/06040,,,,,,5
2022-5-21,trx-188881094367,85545,William,Taylor,william.taylor@hotmail.com(,,,2,Smartphone,Electronics,,,,,,2,699.99,yes,PayPal,31 Buckland Hills Drive/Manchester/CT/06042,,,,,,5
2022-11-13,trx-084359166791,85516,Mia,Miller,"mia.miller@hotmail.com""",,,27,Iron,Appliances,,True,,,,2,29.99,yes,Credit Card,4936 Sequoia Avenue/Dublin/CA/94568,,,,,,5
2023-11-19,trx-811950398186,85486,Emma,Moore,emma.moore@gmail.com^,,,10,Sandals,Footwear,,,,,,3,39.99,yes,Stripe,1701 18th Avenue South/Nashville/TN/37212,,,,,,5
2023-6-12,trx-541093529693,85476,Alexander,Taylor,alexander.taylor@yahoo.com',,,23,Toaster,Appliances,,,,,True,4,39.99,yes,PayPal,149 Lenox Street/Manchester/CT/06040,,,,,,5
2022-4-2,trx-434909526871,85516,Mia,Miller,mia.miller@hotmail.com;,,,25,Washing Machine,Appliances,,,,,,3,499.99,yes,Stripe,2560 Michigan Court/Panama City/FL/32405,,,,,,5
2023-7-12,trx-324002880361,85545,William,Taylor,william.taylor@hotmail.com',,,22,Coffee Maker,Appliances,,,,,,10,79.99,yes,Stripe,210 Depot Street/Woodford/VT/05201,,,,,,5
2022-9-11,trx-321407694908,85550,Michael,Davis,michael.davis@yahoo.com]x,,,13,Printer,Electronics,,True,,,,6,149.99,yes,Stripe,7435 East Tulare Avenue/Fresno/CA/93737,,,,,,5
2023-4-3,trx-643036512036,85549,John,Williams,john.williams@hotmail.com/,,,2,Smartphone,Electronics,,,True,,,5,699.99,yes,Stripe,72 Salmon Road/Alameda/CA/94502,,,,,,5
2023-6-1,trx-484177005787,85489,Emma,Wilson,emma.wilson@gmail.com<,,,28,Hair Dryer,Appliances,,,True,,,7,19.99,yes,PayPal,4600 Ritchie Highway/Baltimore/MD/21225,,,,,,5
2023-11-19,trx-884235766083,85498,Olivia,Davis,olivia.davis@gmail.com#4r,,,17,Blouse,Clothing,,,,True,,4,29.99,yes,Stripe,2909 Minnesota Avenue/Lynn Haven/FL/32444,,,,,,5
2023-1-10,trx-037265603265,85520,Michael,Williams,michael.williams@yahoo.com%x,,,9,Boots,Footwear,,,,,,4,129.99,yes,Credit Card,200 Edson Road/Windham/VT/05359,,,,,,5
2023-3-25,trx-087950984079,85495,Michael,Johnson,michael.johnson@gmail.com<,,,16,Skirt,Clothing,,,,,,3,39.99,yes,Credit Card,2521 Naylor Road Southeast/Washington/DC/20020,,,,,,5
2023-2-5,trx-196415499703,85545,William,Taylor,william.taylor@hotmail.com<,,,11,TV,Electronics,,,,,,8,899.99,yes,Stripe,239 Eastern Avenue/Fayetteville/AR/72701,,,,,,5
2023-12-13,trx-866910390786,85554,Ava,Wilson,ava.wilson@outlook.com*,,,17,Blouse,Clothing,,True,,,,1,29.99,yes,PayPal,7804 Abercorn Street/Savannah/GA/31406,,,,,,5
2023-1-10,trx-166313489772,85523,Sophia,Smith,sophia.smith@hotmail.com[,,,20,Heels,Footwear,True,,,,,8,59.99,yes,Stripe,24647 Patricia Court/Hayward/CA/94541,,,,,,5
2022-6-23,trx-614811466392,85530,Olivia,Moore,olivia.moore@yahoo.com:,,,19,Sandals,Footwear,,,,,,3,29.99,yes,PayPal,4 Stemson Way/Port Wentworth/GA/31407,,,,,,5
2022-2-19,trx-142665689645,85479,Sophia,Davis,sophia.davis@hotmail.com*,,,22,Coffee Maker,Appliances,,True,,,,2,79.99,yes,PayPal,201 West Montgomery Cross Road/Savannah/GA/31406,,,,,,5
2022-8-21,trx-592438581050,85561,Olivia,Moore,olivia.moore@hotmail.comm,,,30,Electric Kettle,Appliances,,,,,,9,24.99,yes,Credit Card,16772 West 70th Avenue/Arvada/CO/80007,,,,,,5
2022-8-21,trx-846199884666,85511,Olivia,Davis,olivia.davis@outlook.com',,,1,Laptop,Electronics,,,,,,5,999.99,yes,Credit Card,7085 Gladiola Street/Arvada/CO/80004,,,,,,5
2022-12-11,trx-269188387298,85538,Emma,Davis,emma.davis@gmail.com\,,,28,Hair Dryer,Appliances,,,,,,4,19.99,yes,PayPal,304 Wilmington Island Road/Savannah/GA/31410,,,,,,5
2022-8-20,trx-790556023709,85477,John,Jones,john.jones@gmail.com\,,,25,Washing Machine,Appliances,,,,,,10,499.99,yes,Credit Card,802 East 37th Street/Savannah/GA/31401,,,,,,5
2022-8-4,trx-803424532577,85484,James,Taylor,james.taylor@yahoo.com(,,,18,Boots,Footwear,True,,,,,2,149.99,yes,PayPal,13 Riverview Avenue/Groton/CT/06340,,,,,,5
2022-7-26,trx-098573161602,85507,Olivia,Smith,olivia.smith@hotmail.com]x,,,22,Coffee Maker,Appliances,,,,,,4,79.99,yes,PayPal,2505 Walker Lane/Nashville/TN/37207,,,,,,5
2022-7-6,trx-590047467934,85510,Mia,Davis,mia.davis@hotmail.com%x,,,25,Washing Machine,Appliances,,,,True,,7,499.99,yes,Stripe,26 Wetherell Street/Manchester/CT/06040,,,,,,5
2023-10-22,trx-876496484088,85481,Emma,Wilson,emma.wilson@yahoo.com^,,,2,Smartphone,Electronics,True,,,,,3,699.99,yes,Stripe,27 Church Street/Manchester/CT/06040,,,,,,5
2022-11-21,trx-791369568965,85544,Ava,Johnson,ava.johnson@gmail.com%x,,,12,Monitor,Electronics,,True,,,,3,299.99,yes,PayPal,219 Bidwell Street/Manchester/CT/06040,,,,,,5
2023-10-18,trx-203653773993,85527,William,Taylor,william.taylor@hotmail.com*,,,22,Coffee Maker,Appliances,,,,,,6,79.99,yes,PayPal,607 North 46th Avenue/Fayetteville/AR/72704,,,,,,5
2022-12-8,trx-804470699825,85547,Emma,Miller,emma.miller@gmail.com]x,,,27,Iron,Appliances,,,,True,,1,29.99,yes,Stripe,3311 Wiley Post Loop/Anchorage/AK/99517,,,,,,5
2022-4-15,trx-401579523689,85480,Emma,Jones,emma.jones@hotmail.comm,,,16,Skirt,Clothing,,True,,,,5,39.99,yes,PayPal,2811 Mechanics Avenue/Savannah/GA/31404,,,,,,5
2022-11-15,trx-809221505229,85502,Ava,Wilson,ava.wilson@hotmail.com<,,,24,Blender,Appliances,,,,,,10,49.99,yes,Credit Card,4201 Georgia Avenue Northwest/Washington/DC/20011,,,,,,5
2023-10-13,trx-489911575528,85513,James,Williams,james.williams@hotmail.com{,,,15,Hoodie,Clothing,,,,True,,7,29.99,yes,Credit Card,270 Chrissy's Court//VT/05443,,,,,,5
2022-6-3,trx-032331963582,85486,Emma,Moore,emma.moore@gmail.com&,,,18,Boots,Footwear,,,True,,,1,149.99,yes,Stripe,11113 North Miller Avenue/Oklahoma City/OK/73120,,,,,,5
2022-10-3,trx-496093250351,85543,James,Williams,james.williams@gmail.com;,,,28,Hair Dryer,Appliances,,True,,,,4,19.99,yes,PayPal,8028 North 56th Lane/Glendale/AZ/85302,,,,,,5
2023-9-21,trx-307972852020,85512,James,Wilson,james.wilson@yahoo.com>,,,12,Monitor,Electronics,,,,,,9,299.99,yes,Stripe,412 Lakefront Drive/Panama City Beach/FL/32413,,,,,,5
2022-12-16,trx-602099648307,85549,John,Williams,john.williams@hotmail.com:,,,22,Coffee Maker,Appliances,,,,,True,6,79.99,yes,PayPal,10129 Spring Gate Drive/Louisville/KY/40241,,,,,,5
2022-4-28,trx-898298099766,85503,Alexander,Miller,alexander.miller@outlook.com%x,,,22,Coffee Maker,Appliances,,True,,,,6,79.99,yes,PayPal,831 West Center Street/Fayetteville/AR/72701,,,,,,5
2022-9-4,trx-241890153099,85473,Alexander,Moore,alexander.moore@gmail.com;,,,25,Washing Machine,Appliances,,,,,,6,499.99,yes,Stripe,12 Netherclift Way/Savannah/GA/31411,,,,,,5
2023-8-5,trx-975346257528,85546,William,Taylor,william.taylor@outlook.com%x,,,27,Iron,Appliances,,,,,,6,29.99,yes,Credit Card,22524 Sambar Loop/Anchorage/AK/99567,,,,,,5
2023-9-17,trx-882905324849,85518,Alexander,Davis,alexander.davis@yahoo.com>,,,10,Sandals,Footwear,,,,,,7,39.99,yes,Credit Card,8325 Northwest 19th Street/Oklahoma City/OK/73127,,,,,,5
2022-1-12,trx-599272616898,85527,William,Taylor,william.taylor@hotmail.com',,,20,Heels,Footwear,,,True,,,9,59.99,yes,Credit Card,7321 East Chester Heights Circle/Anchorage/AK/99504,,,,,,5
2023-9-2,trx-204885490833,85530,Olivia,Moore,olivia.moore@yahoo.com<,,,4,Headphones,Electronics,,,,,,4,99.99,yes,PayPal,2544 Worthington Way/Fayetteville/AR/72703,,,,,,5
2023-9-19,trx-712372663084,85508,Ava,Smith,ava.smith@gmail.com}4,,,18,Boots,Footwear,,,,,,2,149.99,yes,Stripe,1822 Pine Grove Court/Severn/MD/21144,,,,,,5
2023-10-11,trx-495848508156,85474,Sophia,Davis,sophia.davis@gmail.com}4,,,18,Boots,Footwear,,,True,,,6,149.99,yes,PayPal,5575 South Dakota Avenue Northeast/Washington/DC/20011,,,,,,5
2022-7-11,trx-468038445063,85494,Sophia,Moore,sophia.moore@gmail.com\,,,7,Dress,Clothing,,,,True,,10,59.99,yes,PayPal,171 Tolland Turnpike/Manchester/CT/06042,,,,,,5
2023-10-13,trx-031298937349,85467,Sophia,Wilson,sophia.wilson@yahoo.com)x,,,22,Coffee Maker,Appliances,True,,,,,8,79.99,yes,Credit Card,38 Devon Drive/Manchester/CT/06040,,,,,,5
2022-8-16,trx-295633093058,85462,James,Wilson,james.wilson@outlook.com[,,,3,Tablet,Electronics,,,,,,7,299.99,yes,Credit Card,93 Marble Hill Road/Waitsfield/VT/05673,,,,,,5
2022-2-16,trx-527318038755,85472,Alexander,Wilson,alexander.wilson@outlook.com[,,,10,Sandals,Footwear,,,,,,10,39.99,yes,PayPal,6431 Shattuck Avenue/Oakland/CA/94609,,,,,,5
2023-6-14,trx-703565301794,85526,Olivia,Moore,olivia.moore@hotmail.com&,,,24,Blender,Appliances,,,,,True,8,49.99,yes,PayPal,345 Tattnall Street/Savannah/GA/31401,,,,,,5
2023-7-2,trx-595683118982,85484,James,Taylor,james.taylor@yahoo.com>,,,8,Sneakers,Footwear,,,,,,7,79.99,yes,PayPal,800 Old Stage Road/Glen Burnie/MD/21061,,,,,,5
2022-1-8,trx-159161469213,85545,William,Taylor,william.taylor@hotmail.com]x,,,17,Blouse,Clothing,,,,,,3,29.99,yes,PayPal,6985 Woodstock Road/Hartford/VT/05001,,,,,,5
2022-7-27,trx-971573689552,85483,Emma,Miller,emma.miller@hotmail.com|,,,10,Sandals,Footwear,,,,,,2,39.99,yes,Credit Card,53 Great Woods Road/Saugus/MA/01906,,,,,,5
2022-1-3,trx-777696509076,85525,Emma,Wilson,emma.wilson@yahoo.com:,,,7,Dress,Clothing,,,True,,,10,59.99,yes,PayPal,81 Lyness Street/Manchester/CT/06040,,,,,,5
2022-1-2,trx-193425974365,85533,Ava,Johnson,ava.johnson@hotmail.com:,,,22,Coffee Maker,Appliances,,,True,,,10,79.99,yes,Stripe,2305 Ranchland Drive/Savannah/GA/31404,,,,,,5
2022-12-5,trx-845722627455,85542,Alexander,Smith,alexander.smith@yahoo.com(,,,24,Blender,Appliances,,,,,,5,49.99,yes,Stripe,238 La Salle Avenue/Piedmont/CA/94610,,,,,,5
2022-10-12,trx-286120722770,85463,Mia,Wilson,mia.wilson@hotmail.com',,,30,Electric Kettle,Appliances,,,,,,7,24.99,yes,PayPal,5609 Colorado Avenue Northwest/Washington/DC/20011,,,,,,5
2022-4-9,trx-158490782928,85540,Sophia,Jones,sophia.jones@hotmail.com*,,,4,Headphones,Electronics,,,True,,,6,99.99,yes,PayPal,70 Valley Road/Louisville/KY/40204,,,,,,5
2022-10-3,trx-429904395641,85513,James,Williams,james.williams@hotmail.com(,,,16,Skirt,Clothing,,,,,True,5,39.99,yes,Stripe,1030 Shawnee Street/Savannah/GA/31419,,,,,,5
2023-3-17,trx-180636900032,85556,William,Smith,william.smith@outlook.com)x,,,6,Jeans,Clothing,,,,,,2,49.99,yes,PayPal,1320 Dunbarton Road/Montgomery/AL/36117,,,,,,5
2023-6-12,trx-511639942322,85515,James,Miller,james.miller@gmail.com^,,,16,Skirt,Clothing,,,,,,7,39.99,yes,Stripe,10911 Torrington Road/Louisville/KY/40272,,,,,,5
2022-9-8,trx-239226709527,85542,Alexander,Smith,alexander.smith@yahoo.com\,,,14,Camera,Electronics,,,,,True,8,399.99,yes,Stripe,3008 Russell Street/Berkeley/CA/94705,,,,,,5
2023-1-9,trx-374195160473,85541,John,Brown,john.brown@hotmail.com',,,2,Smartphone,Electronics,,,,,,9,699.99,yes,PayPal,2212 Greenville Street/Montgomery/AL/36107,,,,,,5
2023-10-19,trx-937230173203,85501,Emma,Taylor,emma.taylor@gmail.com}4,,,12,Monitor,Electronics,,,,,,4,299.99,yes,Stripe,2505 North Hampton Court/Fayetteville/AR/72703,,,,,,5
2023-7-20,trx-852274496874,85484,James,Taylor,james.taylor@yahoo.com;,,,2,Smartphone,Electronics,,,,,,9,699.99,yes,Credit Card,410 West 89th Avenue/Anchorage/AK/99515,,,,,,5
2022-3-13,trx-650189179537,85551,William,Davis,william.davis@hotmail.com]x,,,1,Laptop,Electronics,,,,,,10,999.99,yes,Credit Card,330 Michell Court/Livermore/CA/94551,,,,,,5
2023-3-14,trx-414493789256,85525,Emma,Wilson,emma.wilson@yahoo.com/,,,11,TV,Electronics,,,,,,1,899.99,yes,PayPal,8704 Bayberry Place/Plantation/KY/40242,,,,,,5
2023-1-25,trx-777757004225,85490,Sophia,Johnson,sophia.johnson@yahoo.com$u,,,9,Boots,Footwear,,,True,,,5,129.99,yes,Credit Card,222 Holiday Circle/Savannah/GA/31419,,,,,,5
2022-2-11,trx-425701402988,85522,Emma,Jones,emma.jones@hotmail.com ,,,28,Hair Dryer,Appliances,,,,,,8,19.99,yes,Stripe,31130 Meadowbrook Avenue/Hayward/CA/94544,,,,,,5
2022-12-10,trx-523628502418,85504,Sophia,Wilson,sophia.wilson@hotmail.com/,,,14,Camera,Electronics,,,True,,,2,399.99,yes,Credit Card,1736 81st Avenue/Oakland/CA/94621,,,,,,5
2022-2-19,trx-434346762927,85548,Mia,Johnson,mia.johnson@hotmail.com}4,,,26,Vacuum Cleaner,Appliances,True,,,,,8,199.99,yes,PayPal,165 Saint John Street/Manchester/CT/06040,,,,,,5
2022-9-12,trx-667931720824,85513,James,Williams,james.williams@hotmail.com\,,,7,Dress,Clothing,,,True,,,3,59.99,yes,Stripe,8001 West 71st Avenue/Arvada/CO/80004,,,,,,5
2023-6-15,trx-154709261070,85507,Olivia,Smith,olivia.smith@hotmail.com:,,,3,Tablet,Electronics,,,,,,4,299.99,yes,PayPal,7071 Senators Drive/Montgomery/AL/36117,,,,,,5
2023-9-2,trx-866761131979,85465,Sophia,Wilson,sophia.wilson@hotmail.com>,,,24,Blender,Appliances,,,,,True,4,49.99,yes,Credit Card,2505 North Hampton Court/Fayetteville/AR/72703,,,,,,5
2023-12-15,trx-926109720393,85556,William,Smith,william.smith@outlook.com(,,,22,Coffee Maker,Appliances,,,,,,9,79.99,yes,Credit Card,1025 Rose Anne Road/Glen Burnie/MD/21060,,,,,,5
2023-2-23,trx-530427802766,85481,Emma,Wilson,emma.wilson@yahoo.com{,,,22,Coffee Maker,Appliances,,,,True,,4,79.99,yes,Credit Card,19416 Barclay Road/Castro Valley/CA/94546,,,,,,5
2023-1-19,trx-411246058045,85561,Olivia,Moore,olivia.moore@hotmail.com<,,,4,Headphones,Electronics,,,,,True,10,99.99,yes,PayPal,2902 Flint Street/Union City/CA/94587,,,,,,5
2023-4-7,trx-052226967030,85481,Emma,Wilson,emma.wilson@yahoo.com#4r,,,6,Jeans,Clothing,,,,,,4,49.99,yes,Stripe,1 Logan Circle Northwest/Washington/DC/20005,,,,,,5
2022-9-20,trx-108122859241,85519,Emma,Wilson,emma.wilson@hotmail.com/,,,14,Camera,Electronics,,,,,,4,399.99,yes,PayPal,27 Cabbage Crossing/Savannah/GA/31411,,,,,,5
2022-5-7,trx-079275172264,85498,Olivia,Davis,olivia.davis@gmail.com)x,,,10,Sandals,Footwear,,,,,,7,39.99,yes,Credit Card,13066 North 56th Avenue/Glendale/AZ/85304,,,,,,5
2023-6-4,trx-177831062808,85522,Emma,Jones,emma.jones@hotmail.com/,,,9,Boots,Footwear,,,,,,1,129.99,yes,Stripe,1259 Everett Avenue/Louisville/KY/40204,,,,,,5
2022-12-28,trx-368042122207,85476,Alexander,Taylor,alexander.taylor@yahoo.com*,,,28,Hair Dryer,Appliances,,,True,,,8,19.99,yes,PayPal,23 Florida Avenue Northeast/Washington/DC/20002,,,,,,5
2022-6-22,trx-204181191522,85522,Emma,Jones,emma.jones@hotmail.com$u,,,15,Hoodie,Clothing,,,,,,9,29.99,yes,Stripe,1644 New Jersey Avenue Northwest/Washington/DC/20001,,,,,,5
2023-12-22,trx-842749791469,85542,Alexander,Smith,alexander.smith@yahoo.com;,,,2,Smartphone,Electronics,,,,True,,6,699.99,yes,Stripe,10367 West 55th Place/Arvada/CO/80002,,,,,,5
2022-6-3,trx-734239969952,85531,Sophia,Taylor,sophia.taylor@hotmail.com|,,,7,Dress,Clothing,,,,,,8,59.99,yes,Credit Card,8573 North 63rd Drive/Glendale/AZ/85302,,,,,,5
2023-5-21,trx-742940505759,85513,James,Williams,james.williams@hotmail.com]x,,,23,Toaster,Appliances,,,,,,6,39.99,yes,Credit Card,53 Greenwood Avenue/Wakefield/MA/01880,,,,,,5
2022-11-26,trx-530080543973,85514,Ava,Davis,ava.davis@hotmail.com%x,,,19,Sandals,Footwear,,,,True,,5,29.99,yes,Credit Card,1405 Hickory Avenue/Panama City/FL/32401,,,,,,5
2022-11-24,trx-435586119282,85489,Emma,Wilson,emma.wilson@gmail.com^,,,24,Blender,Appliances,,,,,,5,49.99,yes,Stripe,5609 Colorado Avenue Northwest/Washington/DC/20011,,,,,,5
2022-11-20,trx-316290581609,85483,Emma,Miller,emma.miller@hotmail.com',,,8,Sneakers,Footwear,,,,,,8,79.99,yes,Stripe,2306 Edinburgh Drive/Montgomery/AL/36116,,,,,,5
2023-10-25,trx-750340034682,85511,Olivia,Davis,olivia.davis@outlook.com{,,,29,Hair Straightener,Appliances,,,,,,2,39.99,yes,Stripe,2849 Quail Drive/Fayetteville/AR/72704,,,,,,5
2023-6-8,trx-174171012075,85529,James,Wilson,james.wilson@hotmail.com ,,,22,Coffee Maker,Appliances,,,,True,,1,79.99,yes,PayPal,32 Royal Drive/Louisville/KY/40214,,,,,,5
2023-6-18,trx-745324734615,85491,John,Taylor,john.taylor@outlook.com:,,,28,Hair Dryer,Appliances,,True,,,,4,19.99,yes,PayPal,1650 North Sang Avenue/Fayetteville/AR/72703,,,,,,5
2023-9-4,trx-662922787903,85491,John,Taylor,john.taylor@outlook.com&,,,29,Hair Straightener,Appliances,,,,,,9,39.99,yes,Stripe,8526 Preston Highway/Louisville/KY/40219,,,,,,5
2022-11-5,trx-781444456708,85515,James,Miller,james.miller@gmail.comm,,,15,Hoodie,Clothing,,,,True,,8,29.99,yes,Stripe,2917 Danzig Place/Louisville/KY/40245,,,,,,5
2023-12-9,trx-344646269129,85517,Mia,Jones,mia.jones@outlook.com ,,,6,Jeans,Clothing,,,,,,5,49.99,yes,Credit Card,3617 Oak Grove Circle/Montgomery/AL/36116,,,,,,5
2023-12-10,trx-509662409056,85516,Mia,Miller,mia.miller@hotmail.com|,,,4,Headphones,Electronics,,,,,True,8,99.99,yes,Stripe,68 Princeton Street/Manchester/CT/06042,,,,,,5
2023-12-3,trx-341734380927,85530,Olivia,Moore,"olivia.moore@yahoo.com""",,,30,Electric Kettle,Appliances,,True,,,,10,24.99,yes,Credit Card,68 Hampstead Place/Athol/MA/01331,,,,,,5
2023-12-16,trx-042522186009,85508,Ava,Smith,ava.smith@gmail.com<,,,10,Sandals,Footwear,,,,,,3,39.99,yes,PayPal,2027 North Shannon Drive/Fayetteville/AR/72703,,,,,,5
2023-12-1,trx-092022757987,85549,John,Williams,john.williams@hotmail.com#4r,,,29,Hair Straightener,Appliances,,True,,,,10,39.99,yes,Credit Card,1263 Evarts Street Northeast/Washington/DC/20018,,,,,,5
2022-11-3,trx-276618144814,85476,Alexander,Taylor,alexander.taylor@yahoo.com(,,,28,Hair Dryer,Appliances,,,,,,1,19.99,yes,Credit Card,28 Garden Drive/Manchester/CT/06040,,,,,,5
2023-7-4,trx-178458366220,85529,James,Wilson,james.wilson@hotmail.com<,,,24,Blender,Appliances,,,,,True,2,49.99,yes,Credit Card,10654 North 60th Avenue/Glendale/AZ/85304,,,,,,5
2023-4-8,trx-870430520665,85487,Emma,Davis,emma.davis@hotmail.com|,,,10,Sandals,Footwear,,,,,,1,39.99,yes,Credit Card,467 Biscayne Avenue Northwest/Palm Bay/FL/32907,,,,,,5
2022-7-27,trx-627517618417,85525,Emma,Wilson,emma.wilson@yahoo.com#4r,,,20,Heels,Footwear,,,,,,6,59.99,yes,Stripe,43 Westminster Street/Pittsfield/MA/01201,,,,,,5
2022-2-3,trx-026081564656,85478,John,Johnson,john.johnson@hotmail.com|,,,15,Hoodie,Clothing,,,,,,2,29.99,yes,PayPal,6007 Applegate Lane/Louisville/KY/40219,,,,,,5
2022-4-21,trx-457389705968,85488,Mia,Williams,mia.williams@hotmail.com#4r,,,13,Printer,Electronics,,,,,,7,149.99,yes,Stripe,5856 Parfet Court/Arvada/CO/80004,,,,,,5
2023-1-10,trx-989517804299,85506,Sophia,Wilson,sophia.wilson@hotmail.com/,,,23,Toaster,Appliances,,,,,,5,39.99,yes,Stripe,265 Airport Road/Weathersfield/VT/05151,,,,,,5
2023-12-21,trx-098490620748,85494,Sophia,Moore,sophia.moore@gmail.com[,,,18,Boots,Footwear,,,,,,1,149.99,yes,Stripe,8546 North 59th Lane/Glendale/AZ/85302,,,,,,5
2023-2-18,trx-393342993403,85489,Emma,Wilson,emma.wilson@gmail.com;,,,19,Sandals,Footwear,,,,,,9,29.99,yes,Credit Card,2209 June Drive/Nashville/TN/37214,,,,,,5
2022-5-3,trx-462553604389,85532,James,Wilson,james.wilson@outlook.com$u,,,6,Jeans,Clothing,True,,,,,2,49.99,yes,Credit Card,2246 West Fairview Avenue/Montgomery/AL/36108,,,,,,5
2022-10-23,trx-703029456684,85526,Olivia,Moore,olivia.moore@hotmail.com{,,,19,Sandals,Footwear,,True,,,,5,29.99,yes,PayPal,3207 Art Hall Lane/Pasadena/MD/21122,,,,,,5
2023-4-6,trx-938707076461,85476,Alexander,Taylor,alexander.taylor@yahoo.com ,,,30,Electric Kettle,Appliances,True,,,,,2,24.99,yes,Stripe,7851 Snow View Drive/Anchorage/AK/99507,,,,,,5
2023-12-3,trx-390870392261,85484,James,Taylor,james.taylor@yahoo.com&,,,4,Headphones,Electronics,,,,,,6,99.99,yes,PayPal,8704 Bayberry Place/Plantation/KY/40242,,,,,,5
2023-12-19,trx-261258958670,85549,John,Williams,john.williams@hotmail.com/,,,1,Laptop,Electronics,,,True,,,7,999.99,yes,PayPal,7350 West Wedington Drive/Fayetteville/AR/72704,,,,,,5
2022-7-24,trx-844361131113,85537,Ava,Miller,ava.miller@yahoo.com>,,,24,Blender,Appliances,,,,,True,5,49.99,yes,PayPal,6609 Westshire Drive/Louisville/KY/40258,,,,,,5
2022-6-23,trx-962347468859,85481,Emma,Wilson,emma.wilson@yahoo.com;,,,11,TV,Electronics,,,,,,1,899.99,yes,PayPal,5950 West Missouri Avenue/Glendale/AZ/85301,,,,,,5
2022-12-18,trx-423614493478,85489,Emma,Wilson,emma.wilson@gmail.com|,,,7,Dress,Clothing,,,,,,9,59.99,yes,PayPal,196 Ruth Street/Farmington/AR/72730,,,,,,5
2022-7-25,trx-824347929928,85497,Michael,Williams,michael.williams@yahoo.com]x,,,11,TV,Electronics,,,,,,1,899.99,yes,PayPal,22062 Cameron Street/Castro Valley/CA/94546,,,,,,5
2023-1-27,trx-451460058391,85478,John,Johnson,john.johnson@hotmail.com#4r,,,17,Blouse,Clothing,,,,,,5,29.99,yes,PayPal,47634 Kato Road/Fremont/CA/94538,,,,,,5
2023-9-7,trx-363090986357,85527,William,Taylor,william.taylor@hotmail.com',,,16,Skirt,Clothing,,,,,,4,39.99,yes,PayPal,788 Williamson Road/Montgomery/AL/36109,,,,,,5
2023-9-10,trx-686545647010,85521,Olivia,Wilson,olivia.wilson@gmail.com#4r,,,9,Boots,Footwear,,,,,,10,129.99,yes,PayPal,817 Nevada Drive Northeast/Palm Bay/FL/32907,,,,,,5
2022-3-6,trx-808681481601,85476,Alexander,Taylor,"alexander.taylor@yahoo.com""",,,6,Jeans,Clothing,,,True,,,6,49.99,yes,Credit Card,22524 Sambar Loop/Anchorage/AK/99567,,,,,,5
2022-5-7,trx-428791435127,85513,James,Williams,james.williams@hotmail.com$u,,,13,Printer,Electronics,True,,,,,10,149.99,yes,PayPal,32 Amsden Street/Arlington/MA/02474,,,,,,5
2022-8-7,trx-421365663855,85525,Emma,Wilson,emma.wilson@yahoo.com$u,,,27,Iron,Appliances,,,,,,10,29.99,yes,PayPal,11 Rosewood Lane/Essex/VT/05452,,,,,,5
2023-3-20,trx-132091970379,85470,Sophia,Smith,sophia.smith@yahoo.com',,,9,Boots,Footwear,,,,,,3,129.99,yes,PayPal,1257 John Street/Nashville/TN/37210,,,,,,5
2022-4-24,trx-767170445605,85498,Olivia,Davis,olivia.davis@gmail.com:,,,1,Laptop,Electronics,,,,,,8,999.99,yes,Stripe,1650 Garland Avenue/Fayetteville/AR/72703,,,,,,5
2022-4-17,trx-434103013846,85479,Sophia,Davis,sophia.davis@hotmail.com&,,,26,Vacuum Cleaner,Appliances,,,,,,1,199.99,yes,Stripe,1613 Ensenada Way/Aurora/CO/80011,,,,,,5
2022-6-26,trx-451317490301,85528,John,Taylor,john.taylor@hotmail.com]x,,,14,Camera,Electronics,,,,,,10,399.99,yes,Credit Card,4510 Eastern Avenue Northeast/Washington/DC/20018,,,,,,5
2022-7-6,trx-579648388102,85494,Sophia,Moore,sophia.moore@gmail.com|,,,12,Monitor,Electronics,True,,,,,10,299.99,yes,PayPal,2306 Edinburgh Drive/Montgomery/AL/36116,,,,,,5
2022-11-27,trx-680104889105,85478,John,Johnson,john.johnson@hotmail.com{,,,26,Vacuum Cleaner,Appliances,,,True,,,2,199.99,yes,Stripe,2209 Florida Avenue/Savannah/GA/31404,,,,,,5
2023-3-18,trx-613463970300,85488,Mia,Williams,mia.williams@hotmail.comm,,,6,Jeans,Clothing,,,,,True,3,49.99,yes,PayPal,2506 West Madison Street/Louisville/KY/40211,,,,,,5
2022-7-6,trx-731921508497,85491,John,Taylor,john.taylor@outlook.com/,,,5,T-Shirt,Clothing,,,,,,10,19.99,yes,Credit Card,10406 Sunlight Lane/Louisville/KY/40272,,,,,,5
2022-4-14,trx-916607746020,85466,James,Williams,james.williams@yahoo.com}4,,,19,Sandals,Footwear,,,,,,10,29.99,yes,Stripe,3813 Sheffield Lane/Pueblo/CO/81005,,,,,,5
2022-9-20,trx-412438652588,85562,John,Davis,john.davis@gmail.com#4r,,,22,Coffee Maker,Appliances,,,,,,1,79.99,yes,Credit Card,212 Burk Way/Del City/OK/73115,,,,,,5
2022-3-16,trx-865909388852,85485,James,Johnson,james.johnson@hotmail.com;,,,4,Headphones,Electronics,,,,True,,1,99.99,yes,PayPal,106 Camelot Drive/Plymouth/MA/02360,,,,,,5
2023-10-16,trx-809283284276,85528,John,Taylor,john.taylor@hotmail.com%x,,,28,Hair Dryer,Appliances,,,,,,9,19.99,yes,Credit Card,1835 Pointer Lane/Fayetteville/AR/72701,,,,,,5
2023-7-4,trx-750093552593,85517,Mia,Jones,mia.jones@outlook.com)x,,,13,Printer,Electronics,,,True,,,7,149.99,yes,PayPal,2 Cockle Shell Road/Savannah/GA/31419,,,,,,5
2022-3-3,trx-053543133301,85511,Olivia,Davis,olivia.davis@outlook.com}4,,,19,Sandals,Footwear,,,,True,,2,29.99,yes,Stripe,129 Grant Street/Redlands/CA/92373,,,,,,5
2023-3-19,trx-902250912292,85502,Ava,Wilson,ava.wilson@hotmail.com{,,,4,Headphones,Electronics,,True,,,,7,99.99,yes,Stripe,112 3rd Street Northeast/Washington/DC/20002,,,,,,5
2023-4-6,trx-025080989696,85529,James,Wilson,james.wilson@hotmail.com]x,,,13,Printer,Electronics,,,,,,8,149.99,yes,Stripe,10222 Pine Glen Circle/Louisville/KY/40291,,,,,,5
2023-2-5,trx-798701570106,85525,Emma,Wilson,emma.wilson@yahoo.com;,,,1,Laptop,Electronics,,,,,,6,999.99,yes,PayPal,580 Hollow Wood Road/Montgomery/AL/36109,,,,,,5
2022-11-5,trx-694152765050,85478,John,Johnson,john.johnson@hotmail.comm,,,14,Camera,Electronics,,,,True,,6,399.99,yes,Credit Card,3819 Vineyard Avenue/Pleasanton/CA/94566,,,,,,5
2022-11-16,trx-267314118484,85543,James,Williams,james.williams@gmail.com]x,,,3,Tablet,Electronics,,,,,True,3,299.99,yes,PayPal,11941 West 58th Avenue/Arvada/CO/80002,,,,,,5
2023-9-18,trx-706126450579,85485,James,Johnson,james.johnson@hotmail.com]x,,,30,Electric Kettle,Appliances,,,,,,4,24.99,yes,PayPal,7728 Twin Oaks Road/Severn/MD/21144,,,,,,5
2023-10-20,trx-041184322750,85544,Ava,Johnson,ava.johnson@gmail.com>,,,20,Heels,Footwear,,,,,,7,59.99,yes,PayPal,49548 Road 200/O'Neals/CA/93645,,,,,,5
2022-2-23,trx-070010701458,85546,William,Taylor,william.taylor@outlook.com/,,,27,Iron,Appliances,True,,,,,3,29.99,yes,PayPal,109 East 64th Street/Savannah/GA/31405,,,,,,5
2023-2-15,trx-732729740546,85550,Michael,Davis,michael.davis@yahoo.com]x,,,29,Hair Straightener,Appliances,,,,,,5,39.99,yes,Stripe,66 Pine Street/Manchester/CT/06040,,,,,,5
2022-10-1,trx-735884610922,85535,Olivia,Johnson,olivia.johnson@yahoo.com)x,,,14,Camera,Electronics,,,,,,9,399.99,yes,PayPal,6755 Mulberry Drive/Anchorage/AK/99502,,,,,,5
2023-2-12,trx-108583989747,85475,Alexander,Moore,alexander.moore@gmail.com#4r,,,7,Dress,Clothing,,,,,,5,59.99,yes,PayPal,5529 East Saddleridge Drive/Fayetteville/AR/72703,,,,,,5
2022-7-7,trx-183820817328,85531,Sophia,Taylor,sophia.taylor@hotmail.com\,,,10,Sandals,Footwear,True,,,,,1,39.99,yes,Credit Card,39 Tania Drive/Manchester/CT/06040,,,,,,5
2023-7-22,trx-277345620965,85561,Olivia,Moore,olivia.moore@hotmail.com*,,,19,Sandals,Footwear,,,,,,4,29.99,yes,Stripe,5116 Feys Court/Louisville/KY/40216,,,,,,5
